26793015
26793040
26799166
26820802
26833586
26833616
26840907
26840931
26840958
26840966
26846160
26846179
26849876
26856440
26856458
26864817
26864825
26872860
26878642
26878650
26878669
26878677
26885674
26885682
26893111
26906769
26906777
26914400
26921297
26929371
26929380
26929398
26934041
26941812
26941839
26950071
26950080
26950098
26959216
26969945
26969961
26976977
26984198
26984210
26984228
26984236
26984244
26984252
26990670
27006595
27006617
27011141
27011508
27011516
27017241
27017250
27023707
27023723
27031181
27031190
27036383
27036391
27036413
27036421
27036480
27036499
27042180
27048728
27048736
27060578
27071470
27077049
27077057
27077065
27089884
27101031
27101040
27106624
27115347
27117496
27123994
27127791
27127813
27133637
27133653
27137965
27142236
27147314
27147322
27152663
27158941
27158950
27169274
27169282
27173240
27173259
27173267
27186054
27190799
27190802
27192188
27197266
27201413
27201421
27201430
27206631
27206640
27212668
27212684
27212692
27218806
27228885
27248114
27249764
27257465
27262631
27266480
27270944
27275941
27275950
27275968
27280654
27280662
27280670
27288682
27291874
27293174
27293182
27296707
27296723
27296731
27303308
27303316
27303324
27307830
27309050
27309068
27318732
27318740
27318759
27323372
27323380
27328434
27332710
27342536
27342544
27342552
27353128
27353136
27353144
27353152
27353160
27356850
27362096
27362100
27366705
27366926
27366934
27372472
27377100
27381985
27382018
27382395
27391067
27391105
27391113
27396005
27396030
27400890
27403501
27405596
27405626
27410495
27416323
27416331
27416340
27421273
27423614
27428590
27428603
27431560
27431587
27431609
27431617
27431633
27431641
27434524
27434532
27434540
27434559
27434567
27439807
27439823
27439840
27446316
27446324
27446332
27452512
27452520
27452539
27452563
27463198
27473256
27473272
27473299
27473302
27485382
27485390
27489171
27489180
27504115
27504123
27504131
27505790
27524376
27524384
27524392
27540592
27540606
27585870
27585896
27588647
27610051
27610060
27610078
27610086
27619611
27619620
27619638
27619646
27627541
27627568
27636248
27636256
27638567
27638575
27646411
27656601
27662859
27662867
27662875
27662883
27668797
27668800
27668819
27668827
27668835
27673920
27673947
27673955
27678219
27681575
27681605
27681613
27681621
27681630
27686572
27686580
27695104
27697652
27697660
27697679
27705623
27708301
27708328
27714591
27714605
27714613
27714621
27722900
27722918
27731614
27731630
27737676
27744622
27744630
27744649
27744665
27748519
27748527
27748535
27756031
27756082
27757495
27768648
27768656
