33230251
33230278
33235348
33235356
33235364
33239935
33239951
33245872
33251076
33251106
33256545
33256553
33256561
33266611
33266620
33266654
33270191
33270221
33277416
33277440
33277475
33282293
33282323
33282374
33282382
33292017
33297421
33297456
33297464
33297472
33302412
33302439
33307665
33312351
33312360
33312424
33312432
33322924
33328765
33328862
33328889
33334384
33339179
33344477
33344531
33349091
33349105
33358693
33363932
33363967
33364008
33368620
33368654
33368670
33373847
33378836
33378860
33382799
33382802
33382837
33389550
33389576
33389592
33392369
33392385
33397013
33401467
33401483
33401491
33401505
33407800
33407818
33407826
33411142
33419529
33419553
33423961
33423988
33428217
33428241
33428250
33428276
33428284
33432943
33432960
33432986
33438067
33438075
33442556
33442637
33442688
33447146
33447154
33451171
33451210
33454968
33459981
33460005
33460013
33460021
33460030
33460048
33464481
33464520
33469217
33473528
33473544
33473560
33477333
33481873
33490847
33490855
33490863
33490901
33490910
33490928
33494776
33494792
33494806
33494814
33494822
33499625
33499641
33499668
33505050
33505093
33505115
33509540
33509567
33518859
33518867
33523650
33523669
33523677
33523740
33523766
33528852
33528860
33528879
33528941
33533077
33533123
33533131
33533166
33533190
33533204
33537486
33537494
33537508
33541827
33541843
33549227
33551081
33555474
33555490
33555504
33560420
33560446
33564880
33564898
33564901
33564936
33569968
33569976
33570024
33579910
33579953
33579988
33580001
33584771
33584801
33588986
33589000
33589051
33589060
33594546
33594554
33594562
33594570
33605149
33609647
33609655
33609680
33626168
33626222
33626249
33631270
33636218
33636242
33646653
33646688
33652094
33652116
33656444
33656452
33656460
33656525
33656592
33661564
33672440
33672474
33672504
33672520
33677617
33677641
33682362
33682419
33682435
33682443
33682460
33687041
33687122
33687130
33691719
33691751
33691786
33703058
33703090
33712439
33712447
33712455
33717819
33717827
33717908
33728311
33732010
33733172
33733180
33733202
33737786
33737816
33737824
33742677
33742693
33742715
33747968
33753153
33753196
33757848
33757856
33757864
33757872
33762267
33767507
33767523
33772716
33772724
33777683
33777705
33777721
33777756
33782671
33782680
33782736
33782744
33782779
33782787
33787067
33787075
33791440
33791475
33797001
33797125
33797168
33797176
33802302
33811815
33811831
33816570
33816588
33821622
33821649
33827110
33827145
33827153
33832028
33836720
33836747
33841336
33841409
33846503
33846554
33846562
33846570
33851585
33851623
