32616875
32620558
32620566
32620590
32620612
32624916
32628098
32628101
32632862
32632897
32632919
32632927
32642343
32642360
32647855
32647863
32647901
32653849
32653857
32660064
32660072
32660129
32660145
32660161
32669446
32669462
32669543
32678517
32678550
32685476
32685522
32685530
32692090
32692120
32698786
32698808
32704985
32705000
32705034
32705042
32710693
32710715
32710731
32710766
32715860
32715887
32715925
32715933
32716009
32716017
32716025
32722043
32722060
32722086
32722094
32722116
32722230
32727601
32727610
32727628
32727652
32727679
32727687
32732870
32732926
32732950
32750612
32750639
32750698
32753988
32754045
32762366
32762374
32762390
32780273
32780281
32780290
32780311
32780362
32780370
32780400
32787760
32787786
32787824
32787832
32787859
32787867
32794198
32800753
32800770
32800869
32800877
32807000
32807034
32807069
32807077
32814015
32814023
32814090
32814104
32814112
32821128
32827775
32827805
32827821
32827830
32827856
32840464
32840480
32840502
32840529
32848409
32848417
32848433
32848476
32848484
32848492
32855295
32855309
32855350
32855384
32855422
32855449
32855457
32861700
32861750
32861769
32868538
32868562
32868570
32875101
32875110
32875128
32882346
32889840
32889875
32889948
32889956
32896279
32896317
32896333
32902451
32902486
32902494
32908527
32908551
32908560
32915699
32915770
32922629
32922637
32922653
32922688
32922718
32929058
32929090
32929120
32934372
32936187
32936195
32936217
32936233
32936250
32942286
32942367
32949322
32949365
32949373
32956362
32956435
32956443
32962780
32962798
32968715
32968731
32968740
32968766
32973649
32974857
32974873
32974890
32974903
32982094
32982132
32989017
32989025
32989068
32995019
33001606
33001622
33001630
33008019
33014711
33020985
33021077
33024790
33024812
33024820
33024847
33032386
33032416
33032424
33038460
33038478
33038486
33038494
33038524
33038567
33038583
33050935
33050951
33056920
33068126
33068134
33069490
33074373
33074381
33074390
33077035
33080731
33080740
33080758
33080790
33080812
33089633
33105860
33110107
33111048
33114400
33124129
33124161
33129460
33129487
33129509
33129517
33129541
33135586
33135624
33142869
33142885
33142893
33142907
33146992
33149077
33149085
33149107
33149115
33154405
33159844
33159895
33165714
33165790
33171252
33171287
33171295
33171309
33171317
33171325
33171333
33176586
33176616
33176640
33181868
33187194
33187208
33187232
33187259
33193536
33193544
33193552
33193609
33198290
33199202
33203893
33203915
33203931
33203958
33209063
33209071
33213900
33213927
33219369
33219385
33225000
33225026
33230227
