23081721
23090258
23090274
23090282
23090304
23090312
23098197
23098200
23098219
23098227
23106737
23106745
23106753
23113629
23124938
23124954
23124989
23132566
23132574
23132710
23132779
23140640
23140666
23152768
23152776
23152784
23152814
23152830
23152849
23165148
23165180
23165229
23165245
23165253
23165261
23165270
23175060
23175079
23175087
23175141
23182432
23182440
23182505
23193296
23207901
23207960
23207987
23208028
23208036
23208044
23208060
23218919
23221302
23221310
23221345
23221353
23221361
23221418
23235316
23235340
23235383
23245000
23245026
23254520
23254539
23254555
23254571
23254601
23254610
23264800
23264818
23264958
23264966
23265015
23281525
23281533
23281568
23302687
23302695
23302717
23302750
23302768
23302784
23314967
23314991
23315008
23315024
23320799
23320810
23320845
23320853
23336418
23336426
23336434
23336450
23336469
23336485
23336493
23336540
23349876
23349884
23349914
23349949
23349965
23350013
23360599
23360696
23372828
23372836
23372844
23372860
23372879
23372887
23372895
23381397
23381494
23381508
23393600
23393626
23393642
23406009
23406050
23406084
23406092
23406106
23406122
23413537
23413642
23425442
23425590
23425604
23425620
23432237
23432261
23432318
23441731
23441740
23441758
23441774
23456694
23456708
23456759
23456805
23466230
23466280
23483494
23483516
23483524
23483532
23483567
23496532
23496559
23521504
23521512
23521636
23521652
23521733
23531702
23531710
23531729
23541323
23541331
23554242
23554269
23554285
23554315
23554323
23554331
23554366
23554382
23563160
23563186
23563194
23563232
23580349
23580357
23580365
23580411
23580420
23580438
23581719
23581727
23581743
23581760
23581786
23581794
23581808
23581816
23581824
23588440
23588466
23588601
23588610
23601166
23601182
23601204
23601212
23601220
23608237
23608253
23608270
23608296
23608300
23629884
23630412
23630420
23630439
23630455
23630528
23630544
23630552
23630579
23639950
23639993
23640041
23649954
23656358
23656374
23667535
23667594
23667632
23670263
23676142
23676169
23676215
23685892
23685922
23685949
23695110
23695136
23695144
23695233
23704749
23704757
23704765
23704773
23704781
23704803
23704838
23704846
23717307
23725164
23725180
23726925
23732218
23732226
23732242
23732277
23732307
23732331
23732374
23745897
23745927
23745935
23745960
23745994
23754216
23754232
23754267
23754305
23754330
23763753
23763796
23763800
23769888
23769896
23769934
23779520
23779547
23779598
23790456
23790480
23804292
23806030
23806064
23806072
23806080
23806099
23806102
23812201
23812228
23823243
23825040
23825058
23825147
23836049
