36243779
36243787
36243809
36243825
36243833
36248873
36254913
36254921
36254930
36254948
36254956
36254972
36254980
36260346
36260354
36260362
36260397
36260400
36263830
36263865
36263881
36271710
36271728
36271744
36276822
36276849
36276865
36276881
36276890
36276903
36282000
36282085
36282115
36287171
36287201
36287228
36287236
36287244
36287287
36292372
36292399
36292402
36292496
36298170
36298197
36298200
36298219
36298251
36302492
36302514
36302549
36302573
36302590
36302603
36302611
36307481
36307490
36307511
36307520
36307538
36312666
36312690
36312720
36312739
36318170
36318200
36318251
36318286
36322562
36322597
36322600
36322619
36322627
36327454
36327470
36327489
36327497
36333235
36333243
36333294
36333308
36333359
36338623
36338631
36338640
36338658
36338666
36338682
36338690
36338704
36343727
36343735
36348627
36348635
36348651
36348694
36348708
36353461
36353470
36353500
36353518
36353526
36353534
36357668
36358965
36359006
36359014
36359030
36364738
36364746
36364762
36370756
36370772
36370780
36375516
36375532
36375540
36375559
36375567
36375575
36380270
36380296
36380300
36380326
36380342
36385374
36385404
36385420
36385439
36385447
36390613
36390656
36395840
36395858
36395882
36395912
36398153
36398196
36398200
36398218
36398226
36404867
36404905
36409333
36409350
36409368
36409376
36409414
36409449
36414100
36414135
36416454
36416497
36416500
36423443
36423478
36423508
36423524
36427160
36427186
36427208
36427216
36427240
36431985
36431993
36432000
36432018
36432026
36436168
36436176
36436184
36440282
36445603
36445620
36450820
36450855
36450863
36456556
36456564
36456580
36456599
36456602
36456637
36459277
36466428
36466436
36470666
36470712
36475388
36475418
36475426
36475442
36475450
36475477
36475485
36480473
36480538
36480546
36480562
36480570
36485667
36485675
36485683
36489510
36489545
36489561
36489570
36489588
36491960
36498810
36498845
36498870
36503526
36508728
36508752
36508779
36512923
36514061
36514088
36519719
36519727
36519743
36519751
36519760
36519778
36526627
36526635
36526660
36531780
36531801
36531828
36531836
36531844
36531860
36536850
36536868
36536876
36536892
36536914
36536930
36536949
36536965
36541171
36541210
36541244
36546306
36546330
36551604
36551647
36551671
36556610
36556628
36556644
36561527
36561535
36561543
36566516
36566524
36566532
36566559
36571415
36571423
36571474
36571490
36571512
36577647
36577655
36577663
36577671
36577680
36583304
36583312
36583320
36583347
36583371
36588808
36588832
36588859
36588883
36590476
36594214
36594222
36594249
36594257
36594265
36594311
