16751764
16751780
16756346
16756370
16756397
16760380
16760401
16760428
16760436
16760444
16767116
16767124
16767132
16767159
16767167
16767175
16767205
16770197
16777322
16781412
16784192
16784206
16784230
16784257
16784265
16784273
16789696
16789718
16789726
16795124
16798724
16798759
16798783
16798791
16803162
16803189
16803200
16809831
16819754
16819770
16819797
16819819
16819835
16819843
16819860
16819878
16820210
16820236
16823127
16823143
16832265
16832273
16832290
16832303
16832320
16832362
16832370
16832397
16832443
16832460
16832494
16839344
16839379
16839395
16839417
16844901
16844910
16844936
16844944
16852092
16852165
16852220
16859368
16859449
16859457
16859465
16859520
16859538
16871280
16871302
16871450
16876393
16881934
16881942
16885626
16885634
16885642
16885650
16885677
16885685
16885693
16885731
16892240
16892330
16892348
16892356
16892372
16898618
16898634
16898642
16898740
16898758
16908630
16914551
16914560
16914594
16914659
16915816
16918685
16918693
16918707
16918715
16918723
16928107
16928140
16928166
16928182
16928239
16932639
16932663
16932671
16932698
16932710
16935996
16943026
16948422
16948449
16953364
16953372
16953380
16953399
16953410
16955560
16961650
16961669
16961707
16961715
16961723
16961758
16962540
16965857
16965865
16965873
16967211
16969867
16969921
16976902
16976910
16978636
16984638
16984646
16984662
16984689
16984727
16990257
16990273
16994194
16994216
16994224
16994259
16994267
16994275
16994283
17000684
17000692
17000722
17000781
17004104
17004120
17004139
17008408
17012581
17018053
17023033
17033223
17033231
17033274
17033290
17033304
17033320
17033339
17033355
17033371
17033398
17033401
17037373
17041862
17041870
17046940
17046959
17046967
17050321
17050348
17050364
17062563
17070531
17070540
17070582
17070639
17075717
17075725
17075733
17075750
17077998
17078004
17078012
17078020
17092750
17092793
17092807
17092831
17095242
17095250
17095269
17107207
17107215
17107223
17107266
17110601
17110628
17114018
17114034
17114042
17114050
17117987
17118028
17118036
17124151
17124160
17126144
17126152
17126209
17131566
17131582
17131590
17131647
17131663
17139772
17139780
17141918
17143226
17143234
17143250
17143269
17151156
17156307
17156323
17156340
17156358
17162023
17162031
17162040
17162090
17162104
17162155
17166351
17166360
17166386
17166424
17170000
17171790
17171803
17171838
17171854
17171870
17177415
17177431
17181270
17181327
17181335
17181343
17188341
17188368
17188376
17188384
17188406
17188414
17188422
17196808
17196816
17196840
17196883
17196891
17203000
17203034
17203042
