18992386
18992394
18992432
18992440
18996809
18996817
18996833
19000877
19002312
19005459
19009493
19009507
19009574
19013257
19013265
19013303
19017186
19017194
19017240
19025570
19025588
19029393
19032712
19032747
19032755
19037167
19037221
19043843
19046076
19046084
19046106
19048867
19054931
19055872
19056622
19056649
19056657
19056673
19056681
19056703
19058186
19064811
19064846
19067702
19067745
19067753
19067761
19067770
19067788
19067818
19074530
19074572
19077722
19077749
19077790
19085822
19085857
19085865
19085873
19085881
19085903
19085911
19085920
19085938
19085946
19085962
19089263
19095559
19098040
19098105
19098130
19107092
19107106
19107157
19110306
19110357
19110365
19110373
19110390
19110411
19110420
19113566
19120172
19120199
19120237
19121020
19129287
19129333
19132681
19132703
19135726
19135742
19135750
19135769
19135785
19135793
19135815
19138331
19138340
19138358
19138374
19138510
19148360
19148378
19148386
19148416
19148424
19152387
19152425
19152433
19152441
19152450
19158517
19158533
19158541
19158568
19158584
19158592
19158614
19161199
19161245
19170014
19170065
19170073
19170103
19170120
19170138
19172910
19172945
19183006
19183049
19183065
19183090
19183120
19183170
19186827
19186835
19186851
19186894
19192144
19192179
19192209
19192217
19192233
19192241
19192250
19192268
19202507
19202515
19202540
19202582
19202590
19202604
19206053
19206061
19206088
19210046
19210054
19210070
19214250
19217060
19217117
19220295
19220309
19220333
19220341
19220368
19220422
19227137
19227170
19227196
19229855
19231995
19232001
19232036
19232060
19232087
19232117
19232125
19232133
19242757
19242838
19242862
19242870
19242900
19242919
19245575
19278050
19278068
19278076
19278157
19278238
19278246
19278254
19278270
19278297
19278300
19278327
19278351
19299710
19299729
19299737
19333375
19333391
19333413
19333421
19387499
19387529
19387545
19387570
19387588
19387600
19387618
19502636
19502644
19502652
19502660
19502679
19543822
19543849
19543857
19543873
19651336
19651344
19651387
19651395
19651417
19651425
19685339
19685355
19685363
19685371
19685380
19685398
19685410
19753530
19754544
19754579
19754587
19754625
19754633
19754641
19754676
19754684
19939380
19939399
19939410
19939437
19939453
19939461
19991222
19991249
19991311
19991362
19991370
20064670
20064688
20064696
20064700
20064742
20064769
20064785
20064793
20064807
20064815
20120176
20120192
20120230
20120273
20152364
20167365
20167390
20202470
20202489
20202497
20202519
20202527
20202535
20262979
20263010
20282224
20282232
20363817
20363825
20363850
20363868
