775961
776070
776207
776312
776584
776606
776827
776908
777229
777288
777369
777580
777857
777997
778003
778011
778062
778100
778127
778380
778607
778941
779351
779432
779602
779629
779947
780003
780046
780100
780160
780224
780313
780410
780585
780860
780925
781068
781807
782055
782268
782314
782349
782500
782632
782667
782810
782845
782896
783018
783107
783123
783239
783336
783379
783425
783433
783468
783492
783530
783573
783638
783662
783859
784005
784064
784099
784102
784269
784285
784404
784439
784552
784560
784579
784803
784978
785078
785167
785175
785205
785264
785396
785400
785426
785442
785582
785590
785736
785752
785949
785965
785981
786049
786081
786227
786359
786375
786430
786448
786464
786472
786480
786537
786561
786677
786723
786766
786812
786820
786839
786936
787001
787028
787192
787206
787290
787311
787338
787397
787400
787419
787460
787508
787524
787540
787559
787613
787648
787656
787680
787761
787893
787958
787966
787990
788015
788040
788112
788139
788147
788198
788228
788333
788376
788422
788473
788538
788546
788562
788589
788619
788651
788660
788686
788694
788716
788767
788775
788791
788830
788880
788937
789053
789134
789193
789355
789363
789401
789495
789525
789533
789550
789630
789711
789754
789886
789908
789959
790139
790171
790279
790295
790309
790422
790465
790511
790600
790619
790651
790660
790716
790767
790783
790791
790848
790864
790880
790937
791037
791118
791290
791320
791355
791584
791797
791819
791975
792024
792059
792113
792199
792229
792245
792270
792288
792326
792334
792342
792393
792423
792440
792555
792598
792652
792660
792695
792733
792822
792830
792903
792946
792954
793003
793054
793062
793097
793135
793143
793240
793348
793356
793453
793461
793496
793585
793658
793860
793879
793968
793984
794017
794025
794262
794300
794572
794688
794726
794769
794815
794874
795071
795209
795373
795608
795675
795730
795829
795969
795985
796220
796298
796344
796450
796522
796581
796662
796689
796700
796727
796972
797013
797030
797072
797080
797161
797234
797269
797510
797641
797919
797935
798000
798035
798094
798116
798124
798132
798159
798191
798213
798302
798329
798396
798469
798590
798604
798647
798655
798680
798698
798752
798825
798868
798965
798973
799057
799090
799146
799251
799324
799448
799626
799707
799880
799901
799960
799987
800143
800151
800275
800380
800488
800500
800526
800640
800895
801106
801130
801386
801408
801416
801459
802020
802071
802144
802187
802217
802233
802250
802268
802519
802578
802608
802616
802640
802683
802926
803050
803107
803115
803158
803174
803212
803271
803425
803433
803514
803557
803611
803670
803727
803832
803921
803930
803956
803964
803972
803999
804005
804021
804072
804161
804200
804226
804439
804455
804471
804480
804498
804536
804625
804676
804722
804749
804773
804781
804897
804960
805035
805108
805183
805213
805280
805353
805361
805566
805710
805728
805752
805868
805922
806162
806367
807150
807435
808961
808988
809002
809070
809096
809339
809363
809509
809533
809541
809550
809584
809622
809649
809673
809703
809738
809835
809894
809940
809967
810031
810058
810074
810244
810457
810503
810619
810627
810643
811053
811100
811223
811258
811266
811282
811398
811428
811576
811908
811967
811983
812040
812067
812130
812199
812229
812237
812300
812326
812342
812385
812466
812539
812717
813518
813526
813836
814505
814556
814564
814572
