37017133
37017141
37017206
37017214
37017230
37024165
37024173
37024203
37024238
37024254
37031634
37031650
37031693
37031740
37039450
37039484
37039492
37039522
37039530
37049437
37049453
37049534
37049542
37049550
37049569
37049585
37058443
37058451
37058508
37058516
37058524
37058540
37065653
37065661
37065670
37065696
37065700
37065718
37065726
37065734
37065750
37065807
37065823
37065831
37072812
37072839
37072863
37081438
37081454
37081470
37081489
37081497
37081527
37081551
37090738
37090746
37090797
37090800
37090819
37090851
37090908
37090924
37090932
37090940
37100254
37100300
37100319
37100343
37100351
37100360
37100386
37100394
37100416
37103889
37108665
37108673
37108681
37108690
37108703
37108711
37108754
37116226
37116234
37116242
37116269
37120553
37120634
37125810
37125836
37125844
37125860
37125879
37125887
37125909
37125917
37125925
37125933
37134028
37134036
37134044
37134052
37134060
37134079
37143689
37143700
37143735
37143751
37143760
37143778
37143786
37143794
37143808
37143816
37151584
37151592
37151622
37151649
37151657
37158884
37158892
37158906
37158914
37158949
37167505
37167521
37167530
37167548
37167556
37167580
37167602
37167610
37167629
37167637
37167653
37176104
37176112
37176120
37184190
37184212
37184220
37184239
37184247
37184271
37184280
37184301
37186361
37191082
37191112
37191120
37191139
37191147
37198137
37198153
37205986
37206019
37206027
37206035
37214852
37214879
37214887
37214895
37224139
37224155
37224171
37224180
37224252
37224279
37224287
37224325
37232417
37232433
37232441
37232450
37232468
37232476
37232484
37232492
37232506
37232514
37232522
37232530
37232549
37232557
37232565
37234868
37240584
37240630
37250049
37250081
37250090
37250111
37250146
37250154
37250189
37258972
37258999
37267946
37267954
37267997
37268003
37268054
37268062
37275760
37275809
37275817
37275841
37275850
37275868
37283992
37284009
37284025
37284033
37292664
37292672
37292699
37292702
37292737
37292753
37292761
37292796
37301649
37301673
37301690
37301711
37301738
37301754
37310957
37310965
37310981
37310990
37319018
37319026
37319069
37319077
37319085
37319093
37319115
37319123
37319131
37319140
37319158
37326120
37326147
37326155
37326163
37326171
37326180
37334590
37334603
37334620
37334638
37334646
37334654
37343210
37343245
37343270
37343288
37343300
37343318
37343326
37351973
37351990
37352014
37352022
37352030
37352049
37360220
37360238
37360254
37360262
37360270
37360300
37367562
37367570
37367589
37367597
37367600
37367627
37368665
37376617
37376650
37376676
37376684
37376722
37376730
37387012
