30053619
30053651
30053660
30059573
30066228
30066236
30066244
30068482
30077383
30085190
30085211
30085220
30086012
30093397
30093400
30093419
30093427
30098327
30098343
30102118
30102185
30102207
30109850
30109868
30109876
30109884
30109892
30121640
30121691
30121730
30129270
30129318
30129350
30129369
30133742
30135190
30135204
30135212
30135247
30135298
30135328
30135336
30136641
30146734
30146742
30146750
30146858
30146874
30146882
30146912
30146939
30152817
30152825
30152833
30152892
30157881
30157920
30157962
30160046
30166421
30166430
30166448
30173232
30173275
30179707
30179758
30179774
30185253
30185288
30185296
30191603
30198075
30203937
30203945
30203953
30203970
30203988
30204037
30208691
30210950
30217517
30217525
30217533
30219690
30222653
30228893
30228940
30228958
30228990
30234674
30234682
30234739
30240560
30240579
30240595
30240609
30240650
30246849
30246911
30246938
30246954
30252530
30252590
30258665
30264969
30265000
30265018
30265026
30270502
30272392
30272430
30272449
30287270
30287342
30287407
30287482
30287490
30287504
30292837
30292845
30292896
30298074
30298082
30298104
30301048
30305201
30305228
30313581
30313603
30313824
30320236
30320252
30324998
30325012
30325047
30325055
30326816
30330442
30330450
30330507
30335644
30335652
30341212
30341239
30341280
30346716
30346724
30346732
30346767
30346775
30346783
30346791
30352513
30352521
30352556
30353594
30353616
30353632
30360095
30363237
30368250
30368315
30368340
30374074
30379330
30380254
30380289
30380327
30380343
30380360
30380386
30385421
30390347
30390355
30390380
30394055
30395034
30401020
30401039
30401055
30401071
30401098
30401101
30406923
30406931
30406940
30407007
30411792
30411806
30411822
30416668
30416749
30416757
30416781
30421877
30421923
30421931
30432809
30432833
30432841
30432850
30432876
30437431
30441955
30441971
30441998
30442012
30442020
30447397
30452652
30452660
30452717
30452741
30457838
30457862
30462958
30462974
30467556
30471085
30471123
30471131
30471140
30471182
30472579
30479097
30479127
30479143
30485927
30491104
30494470
30494534
30494585
30502831
30502866
30502882
30509155
30515149
30515157
30515181
30515211
30518170
30522464
30527895
30527941
30537155
30537180
30542879
30547744
30547779
30547795
30547817
30549842
30555739
30555755
30555771
30555780
30555810
30555828
30565457
30565465
30572217
30572250
30575132
30578619
30582733
30582776
30587781
30587838
30587862
30594894
30594916
30599450
30599484
30599492
30602539
30602547
30602571
30602580
30610582
30610604
30610620
30614380
30614401
30614428
30625532
30630717
