27773989
27773997
27781540
27781558
27781566
27781590
27786121
27791284
27798649
27798657
27804376
27804384
27809489
27817651
27823220
27823238
27828758
27828766
27834458
27840042
27840069
27840077
27845244
27845252
27853565
27856405
27859762
27859770
27859789
27868191
27875369
27880519
27888008
27897901
27903655
27907339
27907347
27914506
27920656
27920672
27920680
27926659
27933249
27933265
27933273
27938335
27938343
27938351
27944191
27944205
27944213
27950550
27950568
27950576
27956137
27956145
27956161
27962554
27962562
27962597
27962619
27962627
27962651
27962660
27968069
27968077
27968085
27971170
27974036
27980755
27980771
27980780
27986979
27986987
27993658
27999740
27999758
27999766
28005890
28012820
28026205
28026213
28026221
28026230
28026248
28033644
28033652
28033709
28040536
28040552
28043826
28047887
28053315
28053331
28053340
28053366
28054523
28061628
28068545
28068553
28075682
28075712
28075739
28075747
28075755
28084362
28084397
28084427
28084435
28090585
28090607
28090623
28090631
28099460
28099479
28099495
28099509
28105821
28111769
28111785
28111793
28114331
28119932
28128248
28128256
28128264
28128280
28128310
28128329
28136275
28136283
28136291
28143973
28143981
28143990
28151542
28151550
28151569
28158699
28158702
28165009
28165017
28165033
28165041
28165050
28180823
28180858
28180874
28195719
28195735
28203650
28203676
28203692
28203706
28212380
28212437
28220375
28220405
28220413
28220421
28227977
28227985
28227993
28228000
28236738
28236746
28236754
28245388
28245396
28245434
28253445
28253453
28262540
28262559
28262567
28269620
28269654
28269670
28269689
28277827
28285633
28285641
28285668
28285676
28285684
28285692
28285722
28285730
28293075
28293083
28293091
28300903
28300911
28300920
28300954
28300962
28306671
28306680
28314909
28314917
28314925
28314933
28314941
28314950
28321817
28321833
28321841
28326113
28328904
28328920
28328939
28328947
28336052
28336079
28336087
28336095
28336117
28342470
28342488
28342496
28342500
28342526
28348979
28348995
28349001
28353312
28355992
28356017
28356025
28356033
28356041
28356050
28363332
28369157
28369165
28369173
28373263
28374374
28374382
28374390
28374404
28374420
28381649
28381657
28387927
28387935
28392842
28392869
28396119
28396127
28405233
28412656
28412664
28412672
28412680
28412699
28412710
28413970
28413988
28424553
28424561
28424588
28431712
28438087
28438109
28438117
28445556
28445564
28453125
28453150
28459969
28459993
28467503
28467511
28467520
28467546
28467562
28472550
28475700
28475719
28475735
28475751
28475760
28484156
28484172
28484180
