29098943
29098951
29104875
29111040
29111058
29111082
29117565
29117573
29121132
29121140
29123494
29123508
29129470
29132778
29132786
29132794
29132816
29132824
29132832
29132840
29138177
29138193
29145123
29145131
29151400
29151419
29151427
29151435
29151451
29156416
29163022
29170836
29170879
29176367
29176375
29176391
29181070
29181088
29186069
29186077
29186093
29192184
29192192
29192214
29197700
29197726
29202997
29207846
29219670
29219689
29219697
29219700
29219719
29224740
29224758
29224766
29224774
29230440
29230458
29230466
29235609
29235617
29235633
29239139
29245173
29245181
29256440
29256458
29256466
29256474
29256482
29256490
29256512
29261330
29261349
29261365
29261381
29265987
29265995
29271270
29271288
29271296
29271318
29271326
29271334
29271369
29276293
29287721
29292043
29297644
29297652
29297660
29297679
29303150
29313928
29318488
29318496
29318500
29318518
29318526
29320747
29320755
29325760
29325779
29325809
29340493
29340507
29352706
29358334
29358369
29362653
29368818
29368826
29375211
29375220
29375238
29375246
29380854
29380862
29380870
29380889
29380897
29380900
29380919
29386342
29386369
29391055
29396257
29396265
29396273
29396290
29403362
29403370
29403389
29408297
29408319
29413862
29413870
29413889
29413900
29413919
29413935
29413943
29418541
29418550
29418576
29428316
29428324
29428332
29428359
29434334
29438620
29438638
29438670
29438697
29444354
29448771
29454463
29454471
29454480
29454498
29458651
29469774
29474827
29474835
29474851
29480594
29486198
29486201
29486210
29498362
29498370
29498389
29498400
29501131
29508156
29516752
29516760
29525173
29531205
29536199
29536202
29536210
29536237
29536253
29542280
29542298
29542310
29542328
29546630
29547244
29547252
29547260
29547287
29552119
29558936
29565720
29565739
29573006
29573014
29579807
29579815
29587621
29587630
29587648
29600496
29600518
29600550
29600577
29600585
29600607
29600631
29610287
29616840
29616859
29630233
29630241
29630250
29642980
29642998
29643071
29643098
29643160
29643179
29643209
29643225
29643241
29678720
29678738
29678754
29678770
29678789
29678819
29682151
29682186
29682275
29682291
29682364
29696556
29696572
29696637
29712554
29716319
29716335
29716360
29716394
29716483
29716521
29716572
29716599
29716700
29729610
29729688
29729939
29729971
29746158
29746204
29760365
29760373
29760390
29771470
29771550
29771615
29782592
29782630
29794651
29794686
29794767
29794775
29814287
29814295
29814325
29814333
29814368
29823315
29823404
29826095
29831148
29831172
29831210
29831229
29831237
29840189
29848166
29848174
29853740
29855864
29855880
29870201
29870252
29870287
29870309
29879090
29879162
29886003
29890829
29890837
29897428
29903295
29903368
29911344
29911387
29911441
29918130
29918148
29918180
29918229
29926132
29926140
29926167
29933040
29933091
29933130
29940641
29940676
29940684
29940706
29950629
29950653
29950670
29959202
29959210
29963912
29963947
29963971
29976106
29984214
29984249
29995574
29995620
29995639
29995698
30004616
30004659
30019560
30023685
30023707
30023740
30023782
30023790
30023804
30025236
30025341
30025350
30029807
30029831
30029840
30029866
30029874
30029890
30029912
30029920
30037664
30045292
30045322
30045381
30053619
30053651
30053660
30059573
30066228
30066236
30066244
30068482
30077383
30085190
30085211
30085220
30086012
30093397
30093400
30093419
30093427
30098327
30098343
30102118
30102185
30102207
30109850
30109868
30109876
30109884
30109892
30121640
30121691
30121730
30129270
30129318
30129350
30129369
30133742
30135190
30135204
30135212
30135247
30135298
30135328
30135336
30136641
30146734
30146742
30146750
30146858
30146874
30146882
30146912
30146939
30152817
30152825
30152833
30152892
30157881
30157920
30157962
30160046
30166421
30166430
30166448
30173232
30173275
30179707
30179758
30179774
30185253
30185288
30185296
30191603
30198075
30203937
30203945
30203953
30203970
30203988
30204037
30208691
30210950
30217517
30217525
30217533
30219690
30222653
30228893
30228940
30228958
30228990
30234674
30234682
30234739
30240560
30240579
30240595
30240609
30240650
30246849
30246911
30246938
30246954
30252530
30252590
30258665
30264969
30265000
30265018
30265026
30270502
30272392
30272430
30272449
30287270
30287342
30287407
30287482
30287490
30287504
30292837
30292845
30292896
30298074
