11456399
11456402
11456429
11462102
11462145
11467240
11471100
11486160
11515223
11515258
11515274
11539826
11539885
11569673
11569681
11569762
11586011
11608381
11617983
11618008
11640790
11656362
11666528
11691335
11691360
11750024
11756418
11756434
11760478
11766632
11766640
11775347
11784205
11791083
11791156
11791164
11808479
11821036
11839084
11839092
11844498
11851630
11851665
11861456
11861480
11873124
11951427
11951435
11951451
11954997
11980902
11986131
12000659
12000713
12018818
12036687
12039799
12062236
12062244
12062279
12070018
12070026
12074109
12079882
12079963
12098027
12098051
12111908
12111940
12124304
12131298
12131301
12131336
12131344
12131352
12153911
12170599
12170629
12171098
12171101
12194202
12194300
12194318
12194334
12215020
12215062
12215097
12229203
12229246
12272084
12323544
12323579
12346068
12346149
12377714
12377722
12377790
12377820
12386410
12399372
12399461
12410950
12410969
12419160
12419178
12426736
12433423
12433474
12436845
12451217
12459377
12466250
12473282
12473347
12507520
12520600
12535784
12539808
12552998
12553195
12562827
12582409
12582417
12582433
12582468
12595905
12596064
12596080
12596145
12613840
12613866
12613882
12614110
12614187
12614209
12641173
12641394
12641459
12656239
12656247
12656271
12656310
12666534
12692835
12692851
12704930
12704948
12704972
12711490
12711503
12711538
12711554
12711562
12711570
12711589
12711597
12729667
12729683
12729713
12729721
12757128
12757160
12772748
12799760
12799794
12799832
12820411
12820420
12856245
12856261
12856440
12866923
12866966
12892388
12892469
12892477
12920127
12920437
12920445
12939928
12970451
12970460
12976322
12976330
12985290
12985304
13018832
13018840
13018859
13041410
13041479
13057211
13068733
13068750
13068768
13081120
13081139
13089566
13089582
13089590
13089639
13089647
13089663
13107026
13107034
13119640
13119659
13119900
13145062
13145070
13145089
13145097
13152299
13152337
13160704
13160747
13160771
13178469
13178493
13204894
13218016
13230265
13244295
13244538
13244554
13244562
13244570
13254930
13254957
13254965
13265620
13267922
13282310
13291149
13299797
13325632
13325659
13329308
13329375
13344600
13358125
13358150
13358176
13358192
13368102
13368129
13375282
13375290
13390096
13390100
13390118
13390126
13390142
13406494
13406524
13414721
13414748
13432434
13432469
13438321
13438330
13438364
13438372
13438399
13463147
13463163
13463171
13463180
13463198
13471298
13487162
13491562
13491570
13491589
13501224
13501232
13501267
13501275
13508346
13515491
13524724
13524740
13548111
13548146
13548162
13548170
