8771590
8771604
8771612
8771639
8785936
8804701
8805014
8809113
8809148
8818316
8830743
8830760
8830786
8830794
8854572
8854661
8854670
8854696
8866500
8866518
8874472
8874634
8874642
8881682
8886329
8917506
8944047
8944055
8944110
8944179
8966290
8966304
8966312
8977249
8977265
8977273
8990884
8990892
8991081
9004588
9004600
9004618
9004790
9016248
9028927
9028935
9029078
9036164
9036172
9036237
9048371
9048436
9057213
9071650
9071870
9071889
9080569
9086235
9094025
9094041
9102721
9102730
9111460
9126976
9127076
9142564
9157468
9173021
9173102
9186625
9186633
9186773
9213541
9213550
9231157
9231165
9231270
9249189
9273454
9273462
9273470
9273500
9273837
9287824
9298688
9298734
9315010
9355376
9355481
9355694
9355724
9386992
9387084
9401600
9401820
9430168
9462127
9489416
9492934
9500930
9505058
9505287
9511947
9521827
9521860
9528469
9534770
9538764
9548466
9548512
9548520
9554760
9554778
9572405
9572421
9572448
9572570
9596536
9596560
9596595
9596609
9604027
9606079
9614551
9614640
9640097
9640453
9640461
9654661
9654670
9654688
9666330
9668055
9668217
9668454
9680784
9680822
9689171
9696020
9707510
9707731
9724635
9724740
9735812
9749940
9750146
9759374
9759382
9759404
9772179
9781576
9781584
9781614
9781690
9797360
9797530
9801800
9832467
9840605
9840729
9850595
9850641
9860351
9880588
9921220
9938230
9947416
9947424
9947432
9947670
9974070
10009546
10009589
10025215
10025266
10058930
10064214
10072659
10072705
10072721
10079118
10081860
10081886
10095415
10107757
10107870
10107889
10107927
10107986
10127673
10127703
10128938
10152375
10152391
10170452
10170525
10184148
10193910
10194249
10194273
10216010
10216096
10216150
10216169
10250446
10250560
10262912
10262963
10262980
10288203
10291764
10311411
10311446
10327116
10327124
10329907
10368868
10389550
10390229
10390253
10405877
10405885
10414166
10414182
10419813
10439950
10439985
10440033
10450371
10461060
10477733
10477741
10477768
10490856
10505027
10505035
10517978
10528675
10538121
10538130
10538210
10538261
10545340
10545528
10565398
10585182
10590618
10602933
10607701
10607833
10607906
10627962
10637850
10637915
10662927
10668229
10668237
10668245
10671054
10682967
10704283
10704291
10704330
10705807
10719233
10722654
10730363
10748204
10759009
10759068
10759076
10770260
10770279
10770287
10783104
10794812
10794839
10817363
10817398
10822718
10825951
10835564
10845223
10860401
10868260
10868278
10868340
10868448
10876831
10890518
10890550
10890569
10900638
10900689
10912578
10937980
10938047
10949615
10949640
10949666
10965254
10965645
10965670
10976164
10976172
10978432
10992461
10992470
11003851
11005208
11025612
11040906
11050268
11050284
11050314
11066396
11070575
11070656
11070699
11070745
11099393
11109624
11109721
11121350
11121385
11133851
11137586
11137616
11144770
11153646
11166620
11166638
11178098
11189836
11212840
11212882
11218532
11229450
11230455
11230528
11230560
11248193
11248525
11248550
11260499
11260529
11260855
11270573
11270603
11278569
11284374
11297021
11317196
11335540
11343861
11354828
11360692
11360749
11360781
11360803
11360862
11368750
11382097
11382119
11384616
11384675
11384683
11398913
11402461
11411699
11423260
11426762
11426789
11450132
11456321
11456356
11456399
11456402
11456429
11462102
11462145
11467240
11471100
11486160
11515223
11515258
11515274
11539826
11539885
11569673
11569681
11569762
11586011
11608381
11617983
11618008
11640790
11656362
11666528
11691335
11691360
11750024
11756418
11756434
11760478
11766632
11766640
11775347
11784205
11791083
11791156
11791164
11808479
11821036
11839084
11839092
11844498
11851630
11851665
11861456
11861480
11873124
11951427
11951435
11951451
11954997
11980902
11986131
12000659
12000713
12018818
12036687
12039799
12062236
12062244
12062279
12070018
12070026
12074109
12079882
12079963
12098027
12098051
12111908
12111940
12124304
12131298
12131301
12131336
12131344
12131352
12153911
12170599
12170629
12171098
12171101
12194202
12194300
12194318
12194334
12215020
12215062
12215097
12229203
12229246
12272084
12323544
12323579
12346068
12346149
12377714
12377722
12377790
12377820
12386410
12399372
12399461
12410950
