29256482
29256490
29256512
29261330
29261349
29261365
29261381
29265987
29265995
29271270
29271288
29271296
29271318
29271326
29271334
29271369
29276293
29287721
29292043
29297644
29297652
29297660
29297679
29303150
29313928
29318488
29318496
29318500
29318518
29318526
29320747
29320755
29325760
29325779
29325809
29340493
29340507
29352706
29358334
29358369
29362653
29368818
29368826
29375211
29375220
29375238
29375246
29380854
29380862
29380870
29380889
29380897
29380900
29380919
29386342
29386369
29391055
29396257
29396265
29396273
29396290
29403362
29403370
29403389
29408297
29408319
29413862
29413870
29413889
29413900
29413919
29413935
29413943
29418541
29418550
29418576
29428316
29428324
29428332
29428359
29434334
29438620
29438638
29438670
29438697
29444354
29448771
29454463
29454471
29454480
29454498
29458651
29469774
29474827
29474835
29474851
29480594
29486198
29486201
29486210
29498362
29498370
29498389
29498400
29501131
29508156
29516752
29516760
29525173
29531205
29536199
29536202
29536210
29536237
29536253
29542280
29542298
29542310
29542328
29546630
29547244
29547252
29547260
29547287
29552119
29558936
29565720
29565739
29573006
29573014
29579807
29579815
29587621
29587630
29587648
29600496
29600518
29600550
29600577
29600585
29600607
29600631
29610287
29616840
29616859
29630233
29630241
29630250
29642980
29642998
29643071
29643098
29643160
29643179
29643209
29643225
29643241
29678720
29678738
29678754
29678770
29678789
29678819
29682151
29682186
29682275
29682291
29682364
29696556
29696572
29696637
29712554
29716319
29716335
29716360
29716394
29716483
29716521
29716572
29716599
29716700
29729610
29729688
29729939
29729971
29746158
29746204
29760365
29760373
29760390
29771470
29771550
29771615
29782592
29782630
29794651
29794686
29794767
29794775
29814287
29814295
29814325
29814333
29814368
29823315
29823404
29826095
29831148
29831172
29831210
29831229
29831237
29840189
29848166
29848174
29853740
29855864
29855880
29870201
29870252
29870287
29870309
29879090
29879162
29886003
29890829
29890837
29897428
29903295
29903368
29911344
29911387
29911441
29918130
29918148
29918180
29918229
29926132
29926140
29926167
29933040
29933091
29933130
29940641
29940676
29940684
29940706
29950629
29950653
29950670
29959202
29959210
29963912
29963947
29963971
29976106
29984214
29984249
29995574
29995620
29995639
29995698
30004616
30004659
30019560
30023685
30023707
30023740
30023782
30023790
30023804
30025236
30025341
30025350
30029807
30029831
30029840
30029866
30029874
30029890
30029912
30029920
30037664
30045292
30045322
30045381
