7432421
7432529
7450932
7450975
7450983
7451660
7479076
7479645
7479726
7479734
7479742
7480011
7485787
7497030
7497056
7521219
7537207
7551198
7551406
7564317
7564481
7582259
7587779
7587906
7587957
7604780
7605000
7628518
7628666
7628674
7628712
7628836
7637052
7652117
7652133
7652176
7652184
7652206
7672548
7672610
7672645
7672661
7672670
7672688
7672734
7689680
7701180
7717259
7717291
7717356
7736358
7736382
7736390
7736501
7736536
7736552
7736579
7759386
7759467
7759505
7759564
7759637
7768767
7819240
7819283
7824280
7824336
7824450
7841469
7841493
7841752
7841809
7841833
7876424
7876700
7876785
7904737
7905180
7922903
7923100
7923160
7923364
7947690
7978297
7978351
7978386
7978475
7978505
8023042
8023050
8023115
8023158
8034483
8051239
8051247
8063292
8063551
8063560
8081604
8082111
8082170
8082243
8098320
8129010
8129036
8129052
8129141
8129184
8157079
8157087
8157214
8157273
8172966
8172974
8172990
8173112
8174541
8219562
8220192
8220311
8220524
8240432
8240440
8240602
8240653
8240700
8240815
8240866
8240963
8270212
8270239
8270271
8270280
8270450
8292768
8302055
8302063
8302314
8349279
8349589
8349627
8369292
8369454
8369543
8369578
8396556
8397241
8397292
8397462
8413657
8413690
8413746
8413819
8413835
8413908
8435086
8448906
8450485
8467827
8467835
8467932
8483849
8515975
8553456
8553910
8553944
8553952
8554184
8570341
8570350
8582010
8590896
8605806
8627553
8627588
8627677
8627790
8652670
8652921
8652956
8684052
8684222
8707083
8707091
8707121
8707130
8707415
8715027
8723267
8723500
8734878
8744740
8755986
8768510
8771574
8771582
8771590
8771604
8771612
8771639
8785936
8804701
8805014
8809113
8809148
8818316
8830743
8830760
8830786
8830794
8854572
8854661
8854670
8854696
8866500
8866518
8874472
8874634
8874642
8881682
8886329
8917506
8944047
8944055
8944110
8944179
8966290
8966304
8966312
8977249
8977265
8977273
8990884
8990892
8991081
9004588
9004600
9004618
9004790
9016248
9028927
9028935
9029078
9036164
9036172
9036237
9048371
9048436
9057213
9071650
9071870
9071889
9080569
9086235
9094025
9094041
9102721
9102730
9111460
9126976
9127076
9142564
9157468
9173021
9173102
9186625
9186633
9186773
9213541
9213550
9231157
9231165
9231270
9249189
9273454
9273462
9273470
9273500
9273837
9287824
9298688
9298734
9315010
9355376
9355481
9355694
