36599327
36599351
36599360
36604067
36604075
36604091
36609528
36609544
36613650
36613669
36613685
36615260
36615295
36623700
36623719
36623727
36623760
36629371
36634033
36634050
36634084
36638175
36638183
36638205
36638213
36638221
36638248
36638256
36643392
36648543
36648560
36648578
36648586
36653418
36653426
36653442
36653485
36658881
36658890
36658903
36658911
36663683
36663691
36663756
36663764
36668150
36668176
36673210
36673237
36673245
36673253
36673261
36673300
36673318
36678382
36678404
36678412
36678420
36683389
36687852
36687860
36687879
36687917
36692158
36692174
36696931
36696966
36696974
36701892
36701922
36707356
36707364
36712476
36712484
36712506
36712514
36712522
36712557
36717015
36717023
36717031
36721687
36721695
36721733
36721741
36727140
36727159
36727183
36727213
36731940
36731966
36732007
36736963
36736971
36736980
36737004
36741617
36741633
36746681
36746703
36746711
36746720
36746746
36746754
36751890
36751912
36751920
36752390
36756766
36756782
36756847
36761762
36761770
36766131
36766158
36766166
36771634
36771642
36771650
36771677
36776992
36777033
36777041
36777068
36782935
36782943
36782951
36782960
36782986
36783019
36783027
36788440
36788458
36788474
36788482
36793179
36793187
36793209
36793225
36793233
36798133
36798141
36804774
36804782
36804790
36804804
36804820
36809682
36809690
36809704
36815129
36815137
36815145
36815153
36815161
36818737
36818745
36818753
36824763
36824771
36824780
36824798
36829370
36834201
36834210
36834228
36834244
36834252
36836628
36839268
36841950
36841993
36842000
36848401
36848410
36848436
36848444
36848460
36849075
36852879
36854594
36858448
36858456
36858464
36858472
36863304
36863312
36863320
36863339
36863347
36863363
36863371
36863380
36867969
36867985
36867993
36872124
36872159
36872175
36875279
36875287
36878682
36878690
36881785
36881807
36881823
36885965
36887079
36887109
36892229
36892237
36895918
36895934
36895942
36895969
36895977
36895985
36899995
36900011
36900020
36900038
36903727
36903735
36903743
36903778
36908120
36908139
36908163
36908198
36913020
36913097
36917293
36921987
36922001
36922010
36922028
36926674
36926682
36926720
36931468
36936376
36936406
36936414
36941461
36941488
36946698
36946701
36946728
36952274
36952282
36956926
36956934
36956942
36961647
36966377
36966407
36978606
36978622
36978657
36978665
36978690
36978703
36985026
36985034
36985042
36991753
36999480
36999498
36999501
36999528
36999536
36999552
36999560
36999579
36999587
37008321
37008364
37008372
37008380
37008429
37008437
37017087
37017095
37017109
37017117
37017125
