17551241
17551250
17551268
17551284
17556494
17556508
17566048
17570120
17570146
17570197
17570200
17575933
17576025
17577667
17584192
17588569
17588585
17596847
17596863
17601978
17601994
17602000
17602019
17602027
17608550
17608577
17608593
17613905
17619053
17619070
17619088
17623810
17624467
17627110
17631324
17634355
17634380
17638276
17638292
17638314
17638322
17638330
17638349
17643280
17646724
17657375
17657383
17657405
17657472
17657499
17665130
17665149
17665157
17665165
17669400
17674821
17674830
17674848
17674872
17679640
17679659
17683072
17688061
17688088
17688096
17688100
17688126
17691725
17691741
17691776
17691784
17694926
17694985
17702794
17702824
17710495
17710525
17710533
17714730
17714802
17719613
17719672
17719680
17719699
17725038
17725062
17725070
17725089
17725097
17725119
17725127
17725143
17730336
17734060
17734109
17734117
17734150
17737733
17737741
17737768
17737784
17743158
17743174
17748902
17751754
17751770
17751789
17756727
17756735
17756760
17756778
17756786
17763996
17773329
17773345
17778806
17778822
17778857
17786264
17786280
17786345
17786370
17786388
17786400
17793385
17793407
17793415
17793423
17793431
17793482
17793520
17799442
17799477
17799485
17799523
17799540
17799566
17808575
17808583
17808605
17808613
17808621
17808648
17812274
17816454
17825851
17825860
17825886
17825894
17825908
17825924
17825932
17825967
17830793
17830807
17830815
17830823
17830890
17830912
17830939
17835030
17835065
17835073
17840860
17840908
17840959
17840975
17850480
17856190
17862132
17862140
17866720
17866746
17869653
17869661
17869688
17873425
17875256
17875264
17879240
17881320
17881339
17881347
17885144
17888370
17888396
17888418
17888426
17888442
17892141
17892168
17892176
17892192
17897947
17897955
17903941
17903950
17903992
17904009
17904017
17908523
17911278
17911316
17911324
17916380
17916399
17916410
17916437
17917777
17918810
17918829
17923710
17923736
17923744
17930369
17930377
17937197
17937243
17938133
17938141
17942460
17946993
17947000
17947018
17950358
17950374
17950382
17950412
17950420
17956580
17956628
17956636
17956652
17956687
17963269
17963277
17963293
17963307
17963315
17963331
17967961
17967996
17968002
17970800
17970819
17970827
17970835
17979214
17986572
17986610
17992582
17992590
17992620
17992647
17999700
17999726
17999831
17999858
17999882
17999904
17999912
17999920
17999939
17999947
17999955
17999963
18000003
18004307
18004315
18008279
18008295
18008309
18012423
18012431
18012466
18012482
18016808
18016840
18021430
18021448
18021499
18024428
18024436
18024460
18028128
18032331
18032358
18032412
18032420
18037053
18037088
18040920
18040938
18043900
18043926
18043934
18043942
18048621
18050524
18055840
18055882
18055904
18055920
18055947
18058854
18058870
18058951
18068017
18068025
18068041
18070688
18070700
18070726
18070750
18070777
18078975
18079024
18079059
18079075
18079148
18079164
18082542
18082550
18082577
18082585
18088170
18091850
18091877
18091885
18091923
18091940
18100940
18100991
18101008
18101016
18104446
18104454
18104470
18104497
18107507
18113037
18113045
18113053
18113070
18116254
18116262
18116289
18116297
18121811
18121820
18121838
18121846
18121854
18121862
18121870
18124605
18124630
18124656
18128950
18128968
18128976
18128984
18133310
18133336
18133395
18133409
18133417
18137010
18137117
18137125
18141614
18145675
18145730
18149324
18149375
18158888
18159166
18159190
18159204
18159247
18159301
18161000
18161026
18161042
18166333
18166350
18166392
18166414
18166422
18168113
18171135
18173764
18173772
18173802
18173845
18173853
18181252
18181295
18181325
18187115
18188579
18188587
18190897
18190935
18190951
18190960
18195932
18199349
18199403
18203814
18203830
18203857
18208480
18208510
18208536
18208544
18213273
18213281
18213370
18221004
18221020
18221047
18221080
18221802
18221829
18221853
18227023
18227058
18227066
18227074
18227090
18233025
18234829
18241397
18241400
18241435
18241443
18241478
18244717
18244733
18244750
18244806
18244814
18248395
18251030
18251048
18251056
18254923
18257571
18257598
18259475
18259491
18259513
18264048
18270473
18273887
18273895
18273909
18273933
18276999
18284223
18285920
18285946
18285954
18285962
18285989
18288748
18290560
18292250
18295885
18304690
18304711
18304746
18304754
18304797
18304800
18307432
18307440
