15495650
15495668
15507860
15507894
15507908
15507924
15507932
15507940
15508008
15508628
15508636
15508644
15513691
15513705
15513713
15513748
15513799
15527565
15527581
15527590
15527603
15527620
15533400
15533443
15533478
15533524
15533540
15533583
15544485
15544507
15544540
15544582
15544604
15544612
15546745
15546796
15546826
15552623
15552666
15552682
15552690
15559257
15562040
15562082
15562090
15562120
15562139
15562147
15564938
15564989
15565003
15568760
15568778
15570123
15571471
15578836
15578909
15578933
15578941
15598981
15599014
15599120
15608660
15608759
15619510
15623210
15623252
15623260
15623309
15623350
15623392
15623406
15623414
15624983
15636775
15636848
15636899
15636929
15636945
15636953
15642467
15642475
15642505
15653628
15653687
15653695
15653725
15653733
15653750
15653768
15662111
15662162
15673366
15673412
15673447
15673455
15673471
15673536
15673544
15677228
15677244
15677287
15677295
15677376
15677384
15684071
15684136
15684144
15691680
15691702
15691745
15693851
15693878
15693916
15696386
15701580
15701873
15701881
15701903
15701970
15709451
15709460
15709494
15709508
15709516
15709524
15711648
15711672
15721595
15721650
15721714
15721730
15721757
15721781
15721803
15721811
15721820
15721838
15721846
15721870
15721889
15721919
15724966
15724974
15730933
15730941
15737028
15737052
15740651
15740678
15750370
15750388
15750434
15750442
15750450
15750469
15754568
15754614
15756283
15756305
15756313
15756348
15756356
15756364
15759921
15759930
15761468
15770431
15770466
15770504
15770539
15770555
15773314
15773322
15773349
15773357
15773365
15773381
15773390
15783830
15783857
15783873
15783890
15785297
15785319
15790323
15790390
15790404
15790412
15790439
15790447
15790463
15790471
15794198
15794201
15801082
15801112
15801139
15805491
15805505
15808625
15808633
15808641
15811078
15811086
15811094
15820386
15820408
15820416
15820432
15820467
15822611
15826966
15826990
15827015
15827023
15827031
15827058
15829580
15829610
15839834
15839869
15839915
15839923
15839931
15839966
15839990
15844245
15844253
15844261
15844270
15844288
15844300
15844326
15849889
15849897
15849927
15849935
15857253
15857270
15857318
15857334
15857369
15857431
15864552
15876123
15876182
15876204
15876212
15879073
15880175
15880205
15880221
15888748
15888756
15888764
15888802
15897150
15897169
15897177
15903740
15903759
15903805
15903813
15903821
15903848
15903880
15903910
15907980
15907998
15908055
15908063
15917770
15917789
15917800
15917843
15917851
15917894
15917924
15925633
15925641
15925684
15925722
15925730
15931635
15931686
