34965871
34965910
34965928
34965936
34965944
34970495
34974870
34979257
34979265
34979273
34979290
34979303
34979311
34990069
34990077
34990085
34990093
34994931
34999750
34999793
34999815
34999823
34999831
35004820
35004838
35004854
35004862
35004870
35004889
35010007
35010031
35015756
35021243
35021260
35021294
35027017
35027025
35027068
35027084
35032757
35039844
35044085
35044123
35044166
35052959
35053032
35059140
35059221
35059230
35064783
35071195
35071217
35077570
35077589
35077600
35083629
35083661
35083670
35083700
35083726
35083742
35089079
35089087
35094644
35094660
35094717
35094725
35099960
35099978
35099994
35106447
35106463
35106510
35111770
35111800
35111834
35116459
35116467
35116491
35116505
35121862
35121870
35121889
35121897
35127180
35127261
35132519
35132535
35132560
35138104
35138112
35138139
35138147
35138155
35142750
35142768
35142806
35147277
35147315
35157653
35157661
35157670
35157700
35157718
35162218
35162234
35166406
35166414
35166430
35166449
35166473
35172629
35172645
35172661
35172670
35177138
35177154
35177189
35177197
35177219
35182568
35182576
35182606
35182622
35182630
35187280
35191957
35191990
35192014
35195959
35195967
35196008
35196040
35196067
35196075
35201350
35201368
35201414
35205653
35209752
35209787
35209825
35214090
35214104
35214112
35218904
35218920
35218947
35218971
35218998
35223838
35223846
35223854
35223870
35223897
35228550
35228568
35228576
35228614
35233068
35233076
35233092
35233114
35237108
35237124
35237132
35237140
35237159
35241443
35241451
35241508
35241516
35241524
35241532
35241540
35241648
35246920
35246998
35247004
35247012
35247020
35247039
35251579
35252043
35252051
35252060
35256312
35260607
35265540
35265558
35265582
35265604
35265612
35265639
35271282
35276069
35276085
35281260
35281286
35285563
35285571
35285580
35285598
35285601
35285610
35290900
35290918
35290926
35290942
35290950
35295753
35295761
35295770
35295788
35300140
35300183
35300191
35303929
35305423
35305466
35305474
35305482
35305512
35305520
35305539
35310667
35310675
35310683
35310705
35315060
35315095
35315109
35315125
35315133
35315150
35315168
35319518
35319526
35319550
35319569
35319615
35319623
35319631
35323780
35323802
35323810
35329295
35329317
35329325
35329333
35329341
35329350
35329384
35333881
35333903
35333911
35333920
35333954
35333962
35333970
35339043
35339051
35339078
35339086
35339094
35339116
35339124
35343613
35343621
35343630
35343648
35348130
35348149
35348157
35348181
35348190
35348203
35348238
35353005
35353013
35353021
35353030
35357724
35357805
35361032
35361059
