35795350
35795384
35795422
35802597
35802619
35802627
35802635
35810310
35810328
35810352
35810360
35810379
35810387
35818674
35818682
35818690
35818712
35826197
35826200
35826219
35826227
35826235
35826243
35826367
35826375
35833240
35833259
35839774
35839804
35839812
35847831
35847866
35847874
35847904
35847912
35847920
35847955
35855389
35855397
35855400
35862874
35862904
35862912
35862920
35862939
35862947
35869554
35869562
35869570
35876497
35876543
35876586
35876608
35876640
35883311
35883320
35883338
35883354
35883362
35890505
35890548
35890556
35890580
35897635
35897643
35897651
35897660
35897678
35897694
35904724
35904740
35904783
35910815
35910840
35910866
35910874
35917872
35917899
35917902
35925344
35925352
35925360
35925379
35925433
35925441
35932279
35932287
35932295
35932309
35932317
35938379
35944818
35944826
35944842
35944850
35944869
35944885
35951017
35951068
35951092
35951114
35951130
35951149
35958082
35958112
35958120
35958139
35964645
35964653
35964661
35971227
35971294
35971324
35977548
35977556
35983779
35983787
35983795
35983809
35983825
35983833
35983841
35983892
35990288
35990296
35990318
35990334
35990342
35995579
35996744
35996752
35996787
35996817
35996825
35996833
35996850
35996876
36003253
36003261
36003270
36003296
36003300
36008218
36008226
36008242
36014660
36014678
36014686
36014694
36014716
36021209
36021217
36021268
36021276
36021284
36021292
36021306
36027520
36027589
36027597
36027619
36027627
36027635
36032240
36032259
36032267
36034535
36034543
36038715
36045658
36045682
36050522
36050530
36050565
36055856
36055864
36055872
36055880
36061858
36061890
36068775
36068783
36071312
36071320
36071339
36071355
36071380
36071398
36081065
36081073
36081103
36081111
36081120
36081138
36084169
36092110
36092145
36092170
36092188
36098229
36098237
36098261
36098270
36110527
36110535
36116058
36116066
36116074
36116090
36116120
36121682
36127898
36127910
36127928
36127944
36128320
36134135
36134143
36139710
36139728
36139736
36139744
36139779
36139787
36144490
36144503
36144511
36150157
36150165
36150173
36150190
36150203
36150211
36156168
36156176
36156206
36156214
36156222
36156257
36156281
36161814
36167361
36167388
36167396
36167400
36167426
36167434
36171478
36177233
36177268
36177276
36177284
36177292
36183022
36183030
36183049
36183065
36183073
36183081
36183090
36189327
36189351
36189360
36189394
36193603
36193611
36198937
36198953
36198961
36198988
36204320
36204354
36204370
36204389
36204397
36204400
36210470
36210488
36222873
36222881
36227340
36227358
36233082
36238764
36238799
36243760
