36653485
36658881
36658890
36658903
36658911
36663683
36663691
36663756
36663764
36668150
36668176
36673210
36673237
36673245
36673253
36673261
36673300
36673318
36678382
36678404
36678412
36678420
36683389
36687852
36687860
36687879
36687917
36692158
36692174
36696931
36696966
36696974
36701892
36701922
36707356
36707364
36712476
36712484
36712506
36712514
36712522
36712557
36717015
36717023
36717031
36721687
36721695
36721733
36721741
36727140
36727159
36727183
36727213
36731940
36731966
36732007
36736963
36736971
36736980
36737004
36741617
36741633
36746681
36746703
36746711
36746720
36746746
36746754
36751890
36751912
36751920
36752390
36756766
36756782
36756847
36761762
36761770
36766131
36766158
36766166
36771634
36771642
36771650
36771677
36776992
36777033
36777041
36777068
36782935
36782943
36782951
36782960
36782986
36783019
36783027
36788440
36788458
36788474
36788482
36793179
36793187
36793209
36793225
36793233
36798133
36798141
36804774
36804782
36804790
36804804
36804820
36809682
36809690
36809704
36815129
36815137
36815145
36815153
36815161
36818737
36818745
36818753
36824763
36824771
36824780
36824798
36829370
36834201
36834210
36834228
36834244
36834252
36836628
36839268
36841950
36841993
36842000
36848401
36848410
36848436
36848444
36848460
36849075
36852879
36854594
36858448
36858456
36858464
36858472
36863304
36863312
36863320
36863339
36863347
36863363
36863371
36863380
36867969
36867985
36867993
36872124
36872159
36872175
36875279
36875287
36878682
36878690
36881785
36881807
36881823
36885965
36887079
36887109
36892229
36892237
36895918
36895934
36895942
36895969
36895977
36895985
36899995
36900011
36900020
36900038
36903727
36903735
36903743
36903778
36908120
36908139
36908163
36908198
36913020
36913097
36917293
36921987
36922001
36922010
36922028
36926674
36926682
36926720
36931468
36936376
36936406
36936414
36941461
36941488
36946698
36946701
36946728
36952274
36952282
36956926
36956934
36956942
36961647
36966377
36966407
36978606
36978622
36978657
36978665
36978690
36978703
36985026
36985034
36985042
36991753
36999480
36999498
36999501
36999528
36999536
36999552
36999560
36999579
36999587
37008321
37008364
37008372
37008380
37008429
37008437
37017087
37017095
37017109
37017117
37017125
37017133
37017141
37017206
37017214
37017230
37024165
37024173
37024203
37024238
37024254
37031634
37031650
37031693
37031740
37039450
37039484
37039492
37039522
37039530
37049437
37049453
37049534
37049542
37049550
37049569
37049585
37058443
37058451
37058508
37058516
37058524
37058540
37065653
37065661
37065670
37065696
37065700
37065718
37065726
37065734
37065750
37065807
37065823
37065831
37072812
37072839
37072863
37081438
37081454
37081470
37081489
37081497
37081527
37081551
37090738
37090746
37090797
37090800
37090819
37090851
37090908
37090924
37090932
37090940
37100254
37100300
37100319
37100343
37100351
37100360
37100386
37100394
37100416
37103889
37108665
37108673
37108681
37108690
37108703
37108711
37108754
37116226
37116234
37116242
37116269
37120553
37120634
37125810
37125836
37125844
37125860
37125879
37125887
37125909
37125917
37125925
37125933
37134028
37134036
37134044
37134052
37134060
37134079
37143689
37143700
37143735
37143751
37143760
37143778
37143786
37143794
37143808
37143816
37151584
37151592
37151622
37151649
37151657
37158884
37158892
37158906
37158914
37158949
37167505
37167521
37167530
37167548
37167556
37167580
37167602
37167610
37167629
37167637
37167653
37176104
37176112
37176120
37184190
37184212
37184220
37184239
37184247
37184271
37184280
37184301
37186361
37191082
37191112
37191120
37191139
37191147
37198137
37198153
37205986
37206019
37206027
37206035
37214852
37214879
37214887
37214895
37224139
37224155
37224171
37224180
37224252
37224279
37224287
37224325
37232417
37232433
37232441
37232450
37232468
37232476
37232484
37232492
37232506
37232514
37232522
37232530
37232549
37232557
37232565
37234868
37240584
37240630
37250049
37250081
37250090
37250111
37250146
37250154
37250189
37258972
37258999
37267946
37267954
37267997
37268003
37268054
37268062
37275760
37275809
37275817
37275841
37275850
37275868
37283992
37284009
37284025
37284033
37292664
37292672
37292699
37292702
37292737
37292753
37292761
37292796
37301649
37301673
37301690
37301711
37301738
37301754
37310957
37310965
