18137117
18137125
18141614
18145675
18145730
18149324
18149375
18158888
18159166
18159190
18159204
18159247
18159301
18161000
18161026
18161042
18166333
18166350
18166392
18166414
18166422
18168113
18171135
18173764
18173772
18173802
18173845
18173853
18181252
18181295
18181325
18187115
18188579
18188587
18190897
18190935
18190951
18190960
18195932
18199349
18199403
18203814
18203830
18203857
18208480
18208510
18208536
18208544
18213273
18213281
18213370
18221004
18221020
18221047
18221080
18221802
18221829
18221853
18227023
18227058
18227066
18227074
18227090
18233025
18234829
18241397
18241400
18241435
18241443
18241478
18244717
18244733
18244750
18244806
18244814
18248395
18251030
18251048
18251056
18254923
18257571
18257598
18259475
18259491
18259513
18264048
18270473
18273887
18273895
18273909
18273933
18276999
18284223
18285920
18285946
18285954
18285962
18285989
18288748
18290560
18292250
18295885
18304690
18304711
18304746
18304754
18304797
18304800
18307432
18307440
18308020
18308110
18308128
18314774
18314790
18314804
18314863
18318920
18318954
18328974
18328982
18329023
18329090
18329104
18329112
18332010
18332096
18332118
18332126
18337158
18337166
18337174
18337182
18337190
18343214
18343222
18343249
18353102
18353137
18353145
18353153
18353170
18353188
18353196
18357821
18362550
18367817
18367833
18367850
18378492
18378514
18378549
18378557
18378565
18378573
18378581
18378590
18378603
18378654
18378670
18380069
18380085
18380107
18380140
18387326
18387377
18387393
18387415
18387423
18395930
18398198
18402507
18405325
18405341
18414226
18414234
18414277
18414307
18414315
18414323
18414358
18414382
18414390
18418317
18418341
18418350
18418368
18418392
18425110
18425128
18433325
18433473
18433481
18440322
18440357
18440390
18444294
18444324
18444332
18454204
18454212
18454271
18457987
18458656
18458664
18458680
18458699
18458702
18458710
18458737
18458745
18463938
18463954
18463997
18472936
18472944
18472960
18479730
18479748
18479756
18479780
18479799
18479802
18479861
18479870
18479896
18486672
18486737
18490576
18490606
18490622
18490681
18494195
18494225
18494233
18494276
18494284
18495263
18500041
18500050
18505227
18505243
18505260
18505278
18505286
18505294
18505308
18511695
18514179
18514195
18514209
18514217
18521060
18521079
18521087
18521095
18522430
18522449
18529005
18529021
18529030
18529056
18529064
18529080
18533294
18538852
18538887
18538925
18538933
18546740
18546758
18546766
18546774
18546782
18550287
18550309
18550317
18550368
18556590
18568683
18568713
18568721
18568730
18568772
18568802
18568853
