34373799
34373802
34379260
34379287
34384585
34384593
34396377
34396393
34396423
34396440
34396466
34409957
34409990
34417135
34417151
34417160
34422751
34422760
34429890
34429946
34436579
34436595
34436617
34444237
34444270
34451781
34451820
34458356
34458364
34458372
34465310
34465329
34465345
34465370
34472520
34472571
34472610
34472628
34472652
34479294
34479332
34486453
34486461
34486534
34491689
34493710
34493795
34493809
34493825
34493850
34501510
34501537
34509778
34509808
34517223
34517274
34517282
34517312
34524336
34524344
34524395
34524409
34524433
34539230
34539248
34539264
34539299
34546717
34546776
34553048
34553064
34553102
34553110
34553129
34559679
34565999
34566013
34566030
34566110
34566145
34566153
34573479
34573495
34573509
34573525
34581200
34581218
34581277
34587326
34594374
34594390
34594412
34594447
34594463
34594501
34594528
34594536
34597435
34600794
34600875
34607091
34607113
34607156
34614617
34614633
34620368
34621185
34621207
34627374
34627382
34627390
34627447
34627455
34634754
34641271
34641328
34647380
34647398
34647401
34647428
34652394
34653225
34653241
34653268
34653306
34658753
34658800
34665114
34665165
34671485
34671515
34677763
34677771
34683544
34683552
34683595
34690134
34690150
34690169
34697477
34697493
34704019
34704043
34710070
34710088
34710096
34715697
34715700
34715735
34715743
34721389
34721400
34721419
34721427
34721451
34721460
34721508
34727365
34732876
34732965
34738801
34744021
34744030
34744048
34744056
34755373
34756646
34763724
34764002
34764029
34764037
34770985
34770993
34773566
34773574
34773582
34773590
34773604
34781402
34781445
34781461
34781488
34786825
34792096
34792100
34792118
34796810
34796837
34802173
34802181
34802190
34802203
34802246
34807537
34807545
34807561
34807570
34812851
34812860
34812886
34812894
34817476
34817484
34817492
34817522
34817530
34820358
34825843
34825851
34825886
34825894
34825908
34831667
34831691
34831721
34837180
34837252
34837260
34837279
34842160
34842208
34847345
34847353
34852260
34857039
34857047
34861994
34862000
34862019
34867156
34871726
34871734
34871777
34876880
34876910
34876944
34882563
34882610
34882628
34888035
34888043
34892915
34892940
34897874
34897890
34897920
34908213
34908248
34908299
34913724
34913740
34913775
34913791
34913805
34918870
34918900
34918942
34923566
34923574
34923620
34923655
34928571
34934131
34934190
34934239
34940028
34940036
34940052
34940079
34940095
34945440
34950056
34950072
34954473
34954490
34954503
34954538
34954546
34960149
34960165
34960173
34960203
34960211
34960220
34965847
34965855
