28484199
28491650
28491668
28491684
28491692
28498100
28498119
28506610
28506645
28506653
28515058
28515066
28515074
28515082
28515090
28524773
28526871
28531380
28531398
28531401
28537714
28546909
28546917
28546925
28546933
28546941
28546950
28553256
28553264
28560849
28567022
28571694
28571708
28580870
28580889
28580919
28586113
28586121
28586148
28594515
28594540
28597023
28597031
28597040
28618665
28618673
28625476
28625484
28625492
28625514
28625522
28625557
28637349
28637357
28644630
28644648
28644656
28644664
28660503
28660511
28660520
28667102
28667110
28667129
28667145
28676623
28676631
28676640
28676666
28676674
28676682
28676704
28687649
28687657
28699910
28699937
28699945
28699953
28712890
28712920
28721309
28724747
28742263
28742271
28742280
28743331
28743340
28743358
28743374
28756811
28756846
28756854
28765941
28779181
28791665
28791681
28807702
28820302
28820310
28832340
28832358
28832366
28842670
28852622
28852649
28852665
28863249
28863257
28863273
28871152
28880118
28880134
28880142
28880150
28895097
28895119
28895135
28895143
28903912
28903920
28907337
28907345
28907353
28907361
28914717
28917985
28924648
28924656
28929971
28929980
28931106
28937249
28937303
28940597
28940619
28948990
28949006
28950752
28950779
28952257
28958292
28958306
28963442
28963450
28963469
28963477
28963493
28970997
28971003
28971011
28971020
28976299
28976302
28976310
28981678
28981686
28981694
28981716
28986560
28991604
28996822
28996830
28996849
28996857
29002344
29002352
29002387
29002395
29006893
29006907
29006915
29017558
29021257
29027470
29027519
29033383
29033405
29033430
29039840
29039874
29039882
29046138
29046146
29046162
29050139
29050147
29053453
29055209
29055217
29055225
29055233
29061367
29061383
29064550
29065903
29071255
29071263
29071280
29071298
29075338
29081208
29081216
29081224
29081232
29087073
29087081
29087090
29087103
29087111
29087146
29091392
29091406
29091414
29095670
29095688
29095696
29098943
29098951
29104875
29111040
29111058
29111082
29117565
29117573
29121132
29121140
29123494
29123508
29129470
29132778
29132786
29132794
29132816
29132824
29132832
29132840
29138177
29138193
29145123
29145131
29151400
29151419
29151427
29151435
29151451
29156416
29163022
29170836
29170879
29176367
29176375
29176391
29181070
29181088
29186069
29186077
29186093
29192184
29192192
29192214
29197700
29197726
29202997
29207846
29219670
29219689
29219697
29219700
29219719
29224740
29224758
29224766
29224774
29230440
29230458
29230466
29235609
29235617
29235633
29239139
29245173
29245181
29256440
29256458
29256466
29256474
