18308020
18308110
18308128
18314774
18314790
18314804
18314863
18318920
18318954
18328974
18328982
18329023
18329090
18329104
18329112
18332010
18332096
18332118
18332126
18337158
18337166
18337174
18337182
18337190
18343214
18343222
18343249
18353102
18353137
18353145
18353153
18353170
18353188
18353196
18357821
18362550
18367817
18367833
18367850
18378492
18378514
18378549
18378557
18378565
18378573
18378581
18378590
18378603
18378654
18378670
18380069
18380085
18380107
18380140
18387326
18387377
18387393
18387415
18387423
18395930
18398198
18402507
18405325
18405341
18414226
18414234
18414277
18414307
18414315
18414323
18414358
18414382
18414390
18418317
18418341
18418350
18418368
18418392
18425110
18425128
18433325
18433473
18433481
18440322
18440357
18440390
18444294
18444324
18444332
18454204
18454212
18454271
18457987
18458656
18458664
18458680
18458699
18458702
18458710
18458737
18458745
18463938
18463954
18463997
18472936
18472944
18472960
18479730
18479748
18479756
18479780
18479799
18479802
18479861
18479870
18479896
18486672
18486737
18490576
18490606
18490622
18490681
18494195
18494225
18494233
18494276
18494284
18495263
18500041
18500050
18505227
18505243
18505260
18505278
18505286
18505294
18505308
18511695
18514179
18514195
18514209
18514217
18521060
18521079
18521087
18521095
18522430
18522449
18529005
18529021
18529030
18529056
18529064
18529080
18533294
18538852
18538887
18538925
18538933
18546740
18546758
18546766
18546774
18546782
18550287
18550309
18550317
18550368
18556590
18568683
18568713
18568721
18568730
18568772
18568802
18568853
18572374
18572382
18572390
18572404
18572420
18572439
18572447
18572455
18572480
18574677
18574693
18574731
18574740
18582262
18582270
18582289
18582300
18586663
18592690
18595696
18595718
18595742
18600253
18600288
18600318
18600369
18600431
18608915
18608923
18608958
18608982
18608990
18609023
18609058
18609066
18609082
18611929
18622596
18622634
18627526
18627534
18636206
18636788
18644276
18647230
18647248
18650502
18652848
18652880
18652899
18652937
18652953
18652961
18652970
18652996
18653002
18655526
18655569
18655577
18655585
18660069
18660077
18670496
18670534
18670585
18670623
18670666
18682784
18682792
18682857
18682911
18682954
18687471
18692338
18697394
18697467
18703712
18705896
18708515
18708566
18712028
18712508
18716143
18716186
18723167
18723213
18723264
18727940
18727959
18727967
18727975
18734344
18734352
18734379
18736388
18736400
18739961
18740010
18740028
18740036
18743547
18743563
18745459
18750463
18750498
18750510
18750536
18750587
18755851
18759462
18759497
18759500
18759519
18759527
18759551
18759560
18759624
18760858
18762271
18762298
18762301
18766567
18766583
18771296
18771377
18776358
18776374
18781508
18781540
18781583
18781591
18781605
18787004
18787039
18787055
18787071
18787110
18787128
18789692
18789706
18789714
18796436
18796444
18801753
18808786
18809072
18809080
18809110
18809137
18811161
18811188
18811200
18811218
18811226
18811234
18811242
18819700
18819718
18819734
18819742
18819750
18819769
18819807
18823468
18823484
18823506
18823530
18823549
18823565
18823573
18829657
18829673
18829690
18831690
18837552
18839170
18839189
18839227
18841367
18848160
18848187
18848225
18852277
18852285
18852315
18852331
18859461
18859470
18859518
18862858
18862866
18862874
18868257
18868273
18868303
18868311
18868338
18868370
18874933
18874968
18874976
18879370
18879418
18879434
18879507
18879523
18880072
18880080
18880099
18880102
18880757
18890050
18890122
18890130
18891560
18891608
18891624
18894612
18897945
18897961
18897996
18898002
18898010
18898037
18898045
18904414
18906075
18906083
18906113
18906121
18906148
18906156
18906172
18906180
18908050
18908068
18908076
18908092
18916257
18916265
18916281
18916303
18916311
18916320
18916338
18918789
18918800
18924560
18924594
18926757
18926803
18927540
18935518
18935542
18935550
18935569
18946983
18946991
18947105
18947130
18950216
18956537
18956545
18956588
18956596
18956626
18956642
18956650
18956707
18961975
18961983
18971227
18971243
18971294
18971308
18971316
18971367
18971391
18974673
18979310
18983299
18983329
18983345
18986988
18986996
18990059
18992386
18992394
18992432
18992440
18996809
18996817
18996833
19000877
19002312
19005459
19009493
19009507
19009574
19013257
19013265
19013303
