35361067
35361075
35363092
35365972
35365999
35366013
35369133
35369141
35375216
35375224
35375232
35375267
35375275
35375283
35379196
35379200
35379242
35383766
35383774
35383790
35383804
35383820
35388976
35388992
35394013
35394048
35400271
35400280
35400336
35400344
35407660
35407679
35407687
35407717
35407725
35416707
35416715
35416723
35416740
35416758
35416766
35416774
35423690
35423712
35423720
35423739
35423747
35423771
35423780
35423798
35423810
35432303
35432311
35432320
35432338
35432354
35441565
35441573
35441581
35452378
35452394
35452408
35452424
35452440
35452459
35452467
35465203
35465254
35465262
35474562
35474570
35474597
35474600
35474619
35474627
35474635
35483706
35487112
35487120
35487139
35487163
35487171
35487180
35487198
35487201
35502174
35502220
35502239
35502271
35518316
35518324
35518332
35518340
35518359
35533405
35533448
35533472
35533499
35533529
35533545
35547591
35547621
35547630
35547648
35562761
35562842
35562877
35562885
35574618
35574626
35574634
35574642
35574669
35574685
35579208
35579224
35579232
35579240
35579275
35579291
35595262
35595270
35595297
35595300
35595319
35595351
35595360
35595378
35595386
35595394
35604646
35604662
35604670
35604689
35604697
35604719
35613270
35613300
35613318
35613326
35622030
35622073
35622081
35622103
35622146
35631136
35631152
35631160
35631187
35639890
35639920
35639938
35639954
35639962
35639970
35639997
35647027
35647418
35647426
35647434
35647442
35647493
35647507
35647515
35647540
35647566
35653991
35654008
35654024
35661390
35661404
35661420
35661447
35661455
35661463
35661480
35661498
35661501
35669467
35669483
35669491
35669505
35677940
35677958
35677966
35677974
35677982
35677990
35678015
35678031
35678066
35678074
35678082
35678090
35685527
35685535
35685543
35685551
35685560
35685578
35685586
35685594
35685632
35692117
35699158
35699190
35699204
35707277
35707323
35707331
35707340
35707358
35707366
35707374
35715482
35715490
35715520
35715539
35715555
35715563
35715571
35715636
35723116
35723132
35723140
35723183
35723191
35723205
35723213
35723221
35729976
35729984
35730016
35730024
35737600
35737650
35737669
35737677
35745904
35745912
35745920
35745939
35745963
35745971
35753400
35753419
35753427
35753435
35753451
35759845
35759853
35759861
35759870
35759888
35759896
35759900
35759918
35759926
35767473
35767481
35767490
35767503
35767511
35767520
35767538
35767562
35767597
35767600
35773971
35773980
35774047
35774063
35774080
35781338
35781346
35781354
35781362
35781389
35781397
35788514
35788522
35788565
35788581
35788590
35795287
35795295
