33505115
33509540
33509567
33518859
33518867
33523650
33523669
33523677
33523740
33523766
33528852
33528860
33528879
33528941
33533077
33533123
33533131
33533166
33533190
33533204
33537486
33537494
33537508
33541827
33541843
33549227
33551081
33555474
33555490
33555504
33560420
33560446
33564880
33564898
33564901
33564936
33569968
33569976
33570024
33579910
33579953
33579988
33580001
33584771
33584801
33588986
33589000
33589051
33589060
33594546
33594554
33594562
33594570
33605149
33609647
33609655
33609680
33626168
33626222
33626249
33631270
33636218
33636242
33646653
33646688
33652094
33652116
33656444
33656452
33656460
33656525
33656592
33661564
33672440
33672474
33672504
33672520
33677617
33677641
33682362
33682419
33682435
33682443
33682460
33687041
33687122
33687130
33691719
33691751
33691786
33703058
33703090
33712439
33712447
33712455
33717819
33717827
33717908
33728311
33732010
33733172
33733180
33733202
33737786
33737816
33737824
33742677
33742693
33742715
33747968
33753153
33753196
33757848
33757856
33757864
33757872
33762267
33767507
33767523
33772716
33772724
33777683
33777705
33777721
33777756
33782671
33782680
33782736
33782744
33782779
33782787
33787067
33787075
33791440
33791475
33797001
33797125
33797168
33797176
33802302
33811815
33811831
33816570
33816588
33821622
33821649
33827110
33827145
33827153
33832028
33836720
33836747
33841336
33841409
33846503
33846554
33846562
33846570
33851585
33851623
33851658
33851666
33851682
33851690
33851704
33856523
33856531
33861295
33861309
33870765
33870781
33870811
33875304
33875312
33875320
33875347
33875398
33879594
33879624
33883854
33883897
33883927
33888371
33888380
33888410
33888460
33893327
33893335
33898219
33901420
33901454
33906133
33906168
33906206
33911237
33911253
33911261
33911288
33911326
33911334
33916404
33916412
33916471
33916480
33916501
33920855
33920880
33920898
33920979
33925640
33925666
33925682
33925690
33929684
33929692
33929714
33929722
33929765
33929773
33929781
33933448
33933456
33933502
33935562
33935570
33941955
33941980
33951029
33955594
33955632
33955640
33960132
33960159
33960183
33960205
33964550
33965385
33965407
33971026
33977320
33977347
33977380
33982742
33988044
33994470
33994496
34000420
34000439
34000455
34000471
34006385
34006458
34018363
34018436
34020380
34024365
34024373
34024381
34024403
34024411
34031141
34031150
34031168
34031214
34031265
34037683
34037705
34037713
34037756
34037772
34044060
34044087
34044109
34044117
34049734
34056200
34056227
34056235
34056260
34061592
34061614
34061630
34061649
34061657
34061703
34068418
34068477
34074703
34074720
34080357
34086880
34086902
34086945
34092386
34092408
34099252
34099317
34105168
34105176
34105192
34105214
34105249
34111445
34111461
34111496
34111950
34117502
34117510
34117529
34117537
34117570
34117588
34123938
34123954
34123962
34123970
34123989
34130838
34130854
34130897
34130919
34136954
34136962
34143307
34143340
34143366
34149458
34149466
34149504
34149520
34155778
34155875
34155883
34155913
34162392
34162406
34169013
34169072
34175554
34175570
34175597
34181769
34181793
34181823
34188570
34188600
34188619
34188635
34194602
34194610
34194645
34194653
34200224
34200763
34200810
34207141
34213542
34213577
34219740
34219758
34219782
34219790
34227033
34227041
34227092
34232153
34232196
34232250
34238016
34238024
34238032
34238059
34245056
34251740
34251813
34251821
34251830
34258919
34258943
34265304
34265371
34265401
34271950
34271969
34272000
34278800
34278827
34278835
34278860
34284918
34284926
34284934
34284950
34285026
34285034
34292082
34292104
34292112
34298999
34299005
34299013
34299064
34299102
34299110
34299129
34299153
34299161
34305832
34311540
34311575
34311605
34319234
34319269
34319277
34319307
34319331
34319358
34319366
34319390
34326487
34326495
34326509
34326550
34333328
34333352
34333379
34333409
34333417
34340015
34346298
34346328
34346352
34346360
34346379
34353678
34353708
34353716
34369135
34369151
34369160
34369178
34369186
34373713
34373721
34373756
34373764
34373799
34373802
34379260
34379287
34384585
34384593
34396377
34396393
34396423
34396440
34396466
34409957
34409990
34417135
34417151
34417160
34422751
34422760
34429890
34429946
34436579
34436595
34436617
34444237
34444270
34451781
34451820
34458356
34458364
34458372
34465310
34465329
