6378367
6378375
6378456
6378766
6378774
6378782
6378910
6417687
6417741
6417776
6417784
6417806
6417849
6417865
6417890
6417920
6417962
6417997
6418003
6418020
6418038
6418160
6427869
6427877
6427915
6427958
6441995
6442052
6442184
6442281
6442346
6467251
6467286
6467332
6467367
6467464
6467529
6467600
6467618
6467650
6467952
6467995
6468010
6492069
6516621
6516699
6516753
6516818
6516869
6516877
6516940
6517015
6517023
6517503
6517511
6531249
6531265
6531362
6531435
6531516
6531524
6531567
6531613
6583752
6583809
6584162
6584278
6584316
6584375
6584430
6584456
6584480
6584642
6584898
6584910
6584944
6584952
6584979
6585303
6585389
6585397
6585524
6591631
6626829
6629116
6629191
6629213
6629256
6629272
6629302
6629329
6629337
6629493
6629507
6629558
6629604
6629639
6629671
6629701
6629710
6629752
6629809
6629825
6629876
6629884
6629906
6630005
6630013
6630056
6630072
6630153
6641195
6684374
6684404
6684471
6684501
6684676
6684722
6684820
6684854
6684862
6684900
6684951
6685043
6685078
6685086
6685116
6685175
6685299
6685302
6685337
6685388
6685485
6685507
6685540
6685558
6685582
6685639
6685647
6685752
6685795
6685825
6760960
6760978
6761060
6761140
6761159
6761213
6761221
6761400
6761426
6761450
6761477
6761531
6761558
6761566
6761590
6761604
6761655
6761744
6761752
6761779
6761787
6761949
6761990
6762073
6762146
6762170
6762189
6762260
6762278
6762413
6762510
6762529
6802437
6802542
6802550
6802577
6802585
6802593
6802941
6802968
6840783
6840830
6840864
6841177
6841185
6844939
6861190
6861239
6861271
6861280
6861310
6861360
6861387
6901058
6965981
6966138
6966154
6966472
6966596
6966634
6966650
6966707
6966740
6967583
6967680
6990233
6990241
6990284
7000733
7000768
7005595
7032670
7032891
7032948
7033056
7033080
7033099
7033153
7033161
7051303
7051818
7085985
7086042
7086085
7086093
7086182
7086379
7119182
7119204
7119280
7119433
7119573
7148439
7148625
7148633
7148730
7188581
7188590
7203274
7203282
7203401
7203436
7230104
7230180
7230201
7230279
7230384
7266035
7266078
7286288
7286334
7286342
7286350
7286539
7286571
7286636
7308076
7308106
7308122
7308181
7308203
7321598
7321601
7321610
7321628
7321644
7347245
7347261
7347369
7347385
7376399
7376895
7376968
7376992
7392939
7393004
7432324
7432359
7432375
7432391
7432421
7432529
7450932
7450975
7450983
7451660
7479076
7479645
7479726
7479734
7479742
7480011
7485787
7497030
7497056
7521219
7537207
7551198
7551406
7564317
7564481
7582259
7587779
7587906
7587957
7604780
7605000
7628518
7628666
7628674
7628712
7628836
7637052
7652117
7652133
7652176
7652184
7652206
7672548
7672610
7672645
7672661
7672670
7672688
7672734
7689680
7701180
7717259
7717291
7717356
7736358
7736382
7736390
7736501
7736536
7736552
7736579
7759386
7759467
7759505
7759564
7759637
7768767
7819240
7819283
7824280
7824336
7824450
7841469
7841493
7841752
7841809
7841833
7876424
7876700
7876785
7904737
7905180
7922903
7923100
7923160
7923364
7947690
7978297
7978351
7978386
7978475
7978505
8023042
8023050
8023115
8023158
8034483
8051239
8051247
8063292
8063551
8063560
8081604
8082111
8082170
8082243
8098320
8129010
8129036
8129052
8129141
8129184
8157079
8157087
8157214
8157273
8172966
8172974
8172990
8173112
8174541
8219562
8220192
8220311
8220524
8240432
8240440
8240602
8240653
8240700
8240815
8240866
8240963
8270212
8270239
8270271
8270280
8270450
8292768
8302055
8302063
8302314
8349279
8349589
8349627
8369292
8369454
8369543
8369578
8396556
8397241
8397292
8397462
8413657
8413690
8413746
8413819
8413835
8413908
8435086
8448906
8450485
8467827
8467835
8467932
8483849
8515975
8553456
8553910
8553944
8553952
8554184
8570341
8570350
8582010
8590896
8605806
8627553
8627588
8627677
8627790
8652670
8652921
8652956
8684052
8684222
8707083
8707091
8707121
8707130
8707415
8715027
8723267
8723500
8734878
8744740
8755986
8768510
8771574
8771582
