15376403
15382740
15382766
15382790
15382804
15382812
15382847
15382910
15382928
15382944
15399156
15399172
15399199
15399202
15399210
15399229
15399237
15399253
15399261
15399300
15399318
15399342
15399423
15399440
15399458
15405428
15405436
15405452
15405460
15405487
15405525
15415561
15415618
15415626
15415634
15415642
15415669
15415723
15415731
15415740
15415782
15420290
15420304
15420312
15420371
15426986
15431249
15431265
15431303
15431400
15431435
15431443
15431451
15439528
15439560
15439668
15449548
15449556
15449580
15451084
15451092
15451122
15453778
15453794
15453816
15453832
15466417
15466450
15466476
15466506
15472184
15472206
15472214
15472249
15472290
15474169
15474207
15474223
15486040
15486082
15486104
15486112
15486120
15486236
15486244
15491631
15495650
15495668
15507860
15507894
15507908
15507924
15507932
15507940
15508008
15508628
15508636
15508644
15513691
15513705
15513713
15513748
15513799
15527565
15527581
15527590
15527603
15527620
15533400
15533443
15533478
15533524
15533540
15533583
15544485
15544507
15544540
15544582
15544604
15544612
15546745
15546796
15546826
15552623
15552666
15552682
15552690
15559257
15562040
15562082
15562090
15562120
15562139
15562147
15564938
15564989
15565003
15568760
15568778
15570123
15571471
15578836
15578909
15578933
15578941
15598981
15599014
15599120
15608660
15608759
15619510
15623210
15623252
15623260
15623309
15623350
15623392
15623406
15623414
15624983
15636775
15636848
15636899
15636929
15636945
15636953
15642467
15642475
15642505
15653628
15653687
15653695
15653725
15653733
15653750
15653768
15662111
15662162
15673366
15673412
15673447
15673455
15673471
15673536
15673544
15677228
15677244
15677287
15677295
15677376
15677384
15684071
15684136
15684144
15691680
15691702
15691745
15693851
15693878
15693916
15696386
15701580
15701873
15701881
15701903
15701970
15709451
15709460
15709494
15709508
15709516
15709524
15711648
15711672
15721595
15721650
15721714
15721730
15721757
15721781
15721803
15721811
15721820
15721838
15721846
15721870
15721889
15721919
15724966
15724974
15730933
15730941
15737028
15737052
15740651
15740678
15750370
15750388
15750434
15750442
15750450
15750469
15754568
15754614
15756283
15756305
15756313
15756348
15756356
15756364
15759921
15759930
15761468
15770431
15770466
15770504
15770539
15770555
15773314
15773322
15773349
15773357
15773365
15773381
15773390
15783830
15783857
15783873
15783890
15785297
15785319
15790323
15790390
15790404
15790412
15790439
15790447
15790463
15790471
15794198
15794201
15801082
15801112
15801139
15805491
15805505
15808625
15808633
15808641
15811078
15811086
15811094
15820386
15820408
15820416
15820432
15820467
15822611
15826966
15826990
15827015
15827023
15827031
15827058
15829580
15829610
15839834
15839869
15839915
15839923
15839931
15839966
15839990
15844245
15844253
15844261
15844270
15844288
15844300
15844326
15849889
15849897
15849927
15849935
15857253
15857270
15857318
15857334
15857369
15857431
15864552
15876123
15876182
15876204
15876212
15879073
15880175
15880205
15880221
15888748
15888756
15888764
15888802
15897150
15897169
15897177
15903740
15903759
15903805
15903813
15903821
15903848
15903880
15903910
15907980
15907998
15908055
15908063
15917770
15917789
15917800
15917843
15917851
15917894
15917924
15925633
15925641
15925684
15925722
15925730
15931635
15931686
15931694
15931716
15931732
15931767
15942782
15942790
15942804
15942820
15942855
15942880
15942898
15942910
15942936
15952603
15955235
15955243
15959610
15959636
15966722
15966749
15966757
15966765
15966773
15966781
15966846
15974989
15974997
15975011
15975020
15975038
15975062
15975100
15984150
15984176
15984184
15984192
15984206
15984249
15984257
15984265
15984273
15984290
15990186
15990194
15990232
15990259
15990267
15990283
15990305
15990313
15990321
15990330
15990356
15990380
15990399
15991971
15992470
16009596
16009600
16009642
16017475
16017505
16024685
16039465
16041562
16045653
16045696
16045700
16045718
16045734
16045815
16045866
16045890
16045912
16045963
16045980
16045998
16051973
16051981
16055746
16056318
16056334
16056369
16057640
16059179
16059209
16059217
16059225
16059250
16059276
16059292
16059314
16059349
16065537
16065545
16065561
16068940
16069016
16070576
16070584
16070592
16074705
16074713
16074721
16078626
16080197
