24845975
24845983
24846008
24849250
24857180
24857198
24857201
24857236
24867388
24867400
24873851
24873924
24873967
24874016
24878530
24878565
24886436
24886479
24892403
24892420
24892446
24897966
24898023
24898031
24898139
24898147
24906819
24906827
24906835
24913425
24913433
24913441
24913492
24913514
24926719
24926727
24926794
24926808
24926816
24930574
24939492
24946384
24946392
24946430
24946457
24948288
24948326
24948342
24959716
24959724
24967115
24974090
24974112
24974120
24974139
24980343
24988681
24993130
24995700
24995735
25002678
25002716
25010875
25010883
25020291
25020313
25020330
25030902
25030910
25030929
25030945
25036930
25036948
25036964
25044967
25045008
25045024
25045032
25045075
25045083
25052897
25061933
25061941
25068931
25068958
25068966
25086245
25086253
25086318
25086326
25086423
25095510
25103915
25103931
25103966
25112468
25130286
25130316
25130359
25130367
25139870
25148992
25149017
25149025
25149033
25149050
25155914
25166603
25170841
25174088
25174096
25188300
25188318
25188350
25188423
25188458
25198206
25198214
25198346
25198354
25206511
25206600
25206619
25206651
25206678
25213578
25213608
25213640
25213659
25220796
25220834
25220850
25226047
25234511
25234520
25244604
25244639
25250002
25250037
25250045
25250053
25250088
25250096
25250118
25258901
25258928
25258936
25258952
25259990
25265763
25265771
25265798
25272183
25272191
25272213
25272221
25272248
25272256
25279807
25279815
25289150
25289193
25296689
25296700
25296719
25305302
25311550
25319120
25329620
25329646
25329654
25337126
25337142
25337177
25337215
25337231
25342637
25342645
25342661
25342696
25342718
25352100
25352118
25352134
25352150
25358560
25358579
25358609
25369659
25369748
25376150
25376168
25381466
25381474
25381490
25391583
25391605
25391630
25391699
25405050
25411656
25411699
25411702
25420239
25420247
25420271
25420310
25430569
25432411
25437982
25438040
25438082
25438104
25444734
25451197
25451200
25451219
25453937
25453953
25453996
25454002
25459760
25467096
25467126
25471186
25487522
25487557
25504178
25510323
25513001
25513010
25519055
25519080
25519101
25526478
25530983
25542279
25542295
25542317
25542333
25542350
25542368
25542376
25547349
25547438
25547454
25553855
25553863
25553871
25558291
25570902
25570910
25570929
25570937
25572830
25577102
25583929
25583961
25583970
25584010
25587106
25593353
25596945
25599836
25607955
25610233
25610241
25610250
25613434
25613442
25613450
25613477
25613507
25622483
25622505
25622513
25622521
25622530
25622548
25627693
25627707
25632541
25638080
25638129
25638161
25638188
25641680
25643842
25647283
25647291
25647313
25647321
25653170
25662968
25668715
25672902
25672961
25678301
25683383
25687270
25687288
25693190
25693204
25699061
25703782
25713174
25713190
25718953
25724645
25729120
25734819
25734851
25739328
25739344
25744502
25744537
25744570
25749542
25749569
25755102
25755110
25755137
25758710
25758788
25758796
25758800
25764917
25770048
25770064
25774139
25779985
25784760
25784787
25794780
25794829
25794837
25799621
25799630
25810185
25810479
25810495
25810509
25810541
25815115
25815174
25815204
25815212
25815239
25815271
25840429
25840453
25840500
25844161
25844188
25855039
25855047
25855055
25863414
25863457
25863465
25863503
25863511
25863520
25877266
25877312
25877320
25890842
25890850
25896357
25915866
25915882
25921396
25945573
25945581
25945620
25945638
25945646
25955828
25961226
25961250
25970011
25970020
25970038
25984530
26003345
26006546
26006554
26009488
26013268
26013276
26013284
26013292
26013306
26013322
26013411
26013454
26013462
26016701
26016710
26016728
26016736
26016787
26016809
26020125
26020141
26020150
26020176
26020184
26020222
26020249
26020257
26020265
26020281
26020290
26020303
26024569
26024577
26024585
26024690
26024712
26032014
26032413
26037720
26037810
26057760
26076754
26076789
26076797
26076800
26076819
26076843
26076851
26076860
26076878
26085779
26092091
26092121
26092130
26097650
26102195
26107885
26107907
26107958
26113151
26113160
26113194
26128624
26128675
26137355
26137363
26137371
26143802
26143810
26143845
26149872
26149880
26156179
26161604
26161647
26161736
26161752
26161760
26178347
26178355
26183386
26189249
26189370
26194571
26201067
26201083
26204918
26204926
26204934
26210189
26213029
26213088
26213096
26218000
