13555836
13555860
13555941
13555984
13572306
13572322
13572330
13584130
13584149
13584173
13584203
13584238
13584246
13601851
13601878
13614975
13614991
13615016
13615024
13615040
13615059
13619999
13620004
13620020
13620039
13628407
13628423
13628440
13628458
13634875
13646110
13656016
13656121
13664868
13664884
13664914
13664949
13671822
13671911
13688662
13688689
13688719
13688794
13700227
13725000
13725019
13731150
13734920
13734939
13747955
13747971
13747980
13748047
13748071
13748080
13749450
13760091
13760105
13760113
13760148
13760199
13768281
13788025
13788041
13788050
13802545
13814981
13815014
13815057
13815065
13815073
13815090
13824012
13824039
13824047
13829028
13829036
13834164
13837110
13837144
13849653
13849670
13849688
13849700
13854889
13854919
13855914
13858325
13867072
13867080
13867099
13867137
13874720
13884286
13884316
13884332
13884375
13898540
13900454
13906970
13910679
13910750
13924194
13924232
13924240
13929787
13938173
13938203
13938289
13944485
13952194
13952208
13952224
13954012
13965712
13976924
13976975
13976983
13988449
13996018
14017401
14017428
14017444
14017452
14017460
14027103
14027146
14038595
14038609
14038617
14048530
14048572
14048599
14053706
14053722
14053730
14053749
14053757
14056826
14057791
14057848
14063858
14086223
14086240
14086266
14086274
14086282
14086339
14086347
14086355
14086371
14086380
14086398
14086401
14099584
14099614
14114390
14114420
14114439
14114447
14114455
14114463
14114471
14114480
14114528
14128205
14128221
14128280
14128353
14141859
14141972
14142005
14142013
14142056
14142099
14145850
14146570
14146589
14146597
14153489
14154620
14154727
14154786
14160796
14160800
14166632
14166640
14166691
14169612
14172677
14178300
14178327
14184922
14184949
14184965
14184990
14189709
14189717
14197779
14197795
14203242
14212135
14232370
14232388
14232418
14232426
14234028
14239157
14239165
14239483
14243999
14252210
14252261
14252288
14252296
14257625
14257633
14269883
14269921
14269948
14269964
14269972
14278130
14278164
14280717
14284824
14294771
14294810
14294828
14297751
14297786
14297808
14307065
14307081
14307090
14307103
14307120
14307138
14310745
14310753
14310761
14310770
14310796
14310818
14310842
14310850
14310869
14317247
14317298
14317310
14324260
14324295
14324309
14332263
14332280
14332298
14332336
14336834
14336842
14336869
14336877
14336923
14347078
14352929
14352937
14352970
14352988
14352996
14353002
14353061
14353070
14361480
14361510
14364990
14373778
14377540
14377605
14377613
14377621
14377648
14382172
14389545
14389588
14389596
14389618
14389634
