16340971
16341004
16341012
16342751
16345596
16349105
16349148
16349156
16349199
16354381
16354390
16354411
16354420
16354462
16354497
16362040
16362082
16362090
16362104
16362120
16363800
16363819
16363860
16363886
16363894
16370239
16370263
16370280
16370310
16374915
16374923
16384323
16384382
16384390
16384420
16385590
16385604
16389274
16389282
16389304
16389312
16389320
16389568
16398698
16398710
16398728
16398736
16398752
16398787
16398795
16403077
16403085
16403107
16403123
16403158
16403166
16403174
16408163
16408198
16408228
16408244
16408279
16408309
16408325
16408341
16413720
16413739
16413747
16418779
16418795
16423201
16423210
16427971
16428039
16428055
16428063
16428764
16429794
16434090
16434111
16434120
16434138
16434146
16434170
16436031
16438385
16444310
16444328
16444344
16444360
16449341
16449376
16449384
16449406
16454941
16454992
16455009
16455017
16459590
16459620
16459655
16459680
16460900
16460951
16460960
16461000
16472115
16472638
16472646
16472670
16472697
16474515
16478606
16481385
16481393
16481415
16481431
16491699
16491729
16491834
16493479
16493487
16499587
16503327
16506315
16510820
16515461
16515496
16515518
16516980
16520174
16520204
16520239
16523987
16533573
16534978
16534994
16540325
16547820
16547838
16551952
16556100
16556135
16556143
16556208
16556216
16556232
16556240
16560632
16560640
16560675
16564731
16564790
16571186
16571208
16571240
16577251
16577278
16579112
16579120
16579139
16579171
16579180
16579198
16579201
16583547
16597950
16597968
16598874
16600729
16600737
16600753
16600761
16606519
16612723
16612731
16612766
16612774
16612820
16612847
16612863
16612871
16618718
16618726
16618769
16618831
16618890
16629458
16629512
16629547
16629571
16629628
16629636
16629644
16629695
16637086
16637116
16637132
16637167
16637205
16637221
16637230
16641532
16641559
16641567
16641613
16641648
16641656
16647233
16647268
16659602
16659610
16659653
16659670
16659696
16659700
16659718
16659750
16659769
16659785
16659793
16659807
16666618
16666634
16666715
16666723
16666740
16666774
16666790
16666871
16666928
16666936
16680426
16680434
16680450
16680469
16680485
16680523
16680540
16680566
16680604
16686526
16687211
16687270
16687300
16687319
16706011
16706054
16706062
16706100
16706119
16706135
16706186
16706216
16706240
16706267
16706275
16706321
16706364
16706372
16713280
16713302
16713310
16713388
16727383
16727413
16727421
16733083
16733091
16733121
16733156
16733172
16733180
16733210
16741418
16741426
16741434
16745436
16745452
16745509
16745550
16746318
16746326
16746334
16751705
16751756
