814815
814831
814840
815063
815136
815837
816190
816263
816271
816280
816476
816573
1103616
1211359
1547066
1563037
1764880
2257206
2451872
2453113
2453377
2454372
2454380
2454496
2454623
2454666
2454763
2454810
2454828
2454879
2454895
2455050
2455238
2455300
2455327
2455360
2455459
2455505
2455548
2455599
2455653
2455785
2455874
2455947
2455980
2456012
2456063
2456071
2456225
2456268
2456349
2456365
2456454
2456519
2456543
2456578
2456594
2456721
2456764
2456829
2456853
2456870
2456896
2456934
2457182
2457573
2457735
2457883
2457891
2458668
2458773
2458803
2458889
2458986
2459108
2459230
2459256
2459604
2459698
2460587
2460617
2460706
2460943
2460986
2461086
2461256
2461353
2461361
2461388
2461426
2461442
2461493
2461540
2461582
2461647
2461698
2461914
2462383
2462529
2463117
2468904
2469020
2469136
2469179
2469233
2469284
2469292
2469306
2469314
2469403
2469586
2469772
2469829
2469888
2469942
2469993
2470068
2470149
2470157
2470165
2470300
2470408
2470530
2470602
2470610
2470777
2576370
2576604
2576990
2577430
2577570
2577618
2577626
2577677
2577774
2577782
2577839
2577995
2578575
2578583
2578605
2578656
2578699
2578702
2578850
2578877
2579252
2579295
2579619
2579643
2579686
2579910
2579970
2580028
2580087
2580125
2580508
2580540
2580575
2580796
2580800
2580885
2580915
2580931
2580974
2581007
2581031
2581040
2581066
2581112
2581120
2581503
2680566
2680582
2680779
2680795
2680850
2680884
2680922
2680930
2680957
2681006
2681022
2681030
2681081
2681243
2681308
2681405
2681448
2682737
2682796
2683783
2683791
2683953
2684037
2684061
2684096
2684797
2684860
2684932
2684991
2685032
2685083
2685156
2685296
2685512
2685547
2685768
2685997
2686038
2686089
2686135
2686356
2687114
2687130
2687165
2687173
2687246
2688454
2688578
2688594
2688705
2688713
2689336
2689344
2689727
2689743
2766374
2799975
2831464
2831480
2831502
2831510
2831545
2831740
2831774
2831782
2832052
2832419
2832494
2832583
2832656
2832664
2832672
2832800
3025166
3096035
3096256
3096329
3096370
3097065
3097146
3097162
3097235
3097324
3097545
3097618
3097740
3097839
3097855
3098036
3098583
3098591
3098869
3098966
3099007
3099023
3099031
3099066
3099139
3099163
3099201
3099309
3099325
3099430
3099546
3099686
3165658
3237509
3237584
3237835
3237878
3237894
3237932
3237959
3237991
3238040
3238059
3238067
3238113
3238202
3238210
3238458
3238512
3238539
3238547
3238555
3238580
3238598
3238610
3238660
3238679
3238709
3238725
3290642
3296203
3296289
3296343
3296416
3296483
3296688
3296734
3296750
3296823
3296831
3296882
3350604
3350612
3350701
3350876
3350965
3351073
3351243
3351260
3351316
3351472
3351588
3351626
3351634
3351669
3351740
3351758
3351774
3351782
3376035
3376230
3376299
3376493
3376523
3376540
3403571
3403644
3403911
3404372
3404453
3404461
3404500
3438960
3439079
3439370
3439427
3439460
3482494
3482508
3482559
3482702
3483015
3500825
3500868
3500884
3501049
3506038
3506089
3506097
3506178
3506224
3571915
3572112
3572120
3572210
3572228
3572287
3572333
3591831
3591866
3592098
3592284
3612632
3612764
3612829
3612861
3612900
3612918
3612950
3612969
3612993
3613131
3613140
3613182
3652920
3653020
3653039
3653055
3653195
3653411
3672154
3718537
3718553
3718588
3718731
3718820
3719010
3719028
3719052
3744714
3744951
3745019
3745043
3748546
3748589
3748597
3748805
3748830
3749029
3749037
3768888
3769603
3769697
3770012
3770020
3770039
3801062
3801194
3801216
3801364
3818684
3818773
3818897
3818978
3843270
3843297
3843386
3843394
3843475
3862078
3862086
3862108
3905764
3905845
3906131
3906310
3906328
3906379
3906441
3920055
3920128
3920187
3920195
3920268
3920314
3920349
3920373
3920381
3920586
3920659
3920675
3936922
3937162
3938729
3957348
3957380
3957550
3957631
3957690
3957747
3957828
3957836
3957844
3957852
3957933
3958068
4002349
4002381
4002527
4002535
4017200
4068742
4068823
