37387047
37387063
37387098
37393812
37397083
37397130
37397148
37397156
37397172
37397180
37397199
37397210
37397229
37404806
37404814
37404822
37404830
37404857
37404865
37404873
37404881
37409676
37409684
37416010
37416029
37416037
37423530
37423557
37423565
37431134
37431150
37431169
37431207
37439014
37439022
37439030
37439049
37439103
37448560
37448578
37448586
37448608
37448616
37448624
37448640
37448667
37448675
37459798
37459801
37459828
37459836
37459844
37470931
37470966
37470974
37470990
37471007
37471015
37471023
37471058
37471066
37479760
37479787
37479795
37489551
37489560
37489578
37489594
37489608
37499822
37499830
37499857
37499873
37499890
37499903
37514434
37514442
37514450
37514469
37514477
37514485
37514493
37514507
37514515
37514566
37514582
37514620
37516192
37528103
37528138
37528146
37528154
37528197
37528235
37528243
37528251
37528260
37528278
37528308
37528316
37539480
37539498
37539501
37539528
37539536
37539544
37539552
37539579
37539587
37539595
37539609
37539617
37549947
37549955
37550003
37550020
37550054
37550062
37550070
37550100
37550119
37550127
37550143
37550160
37561410
37561428
37561436
37561444
37561517
37561525
37561533
37561541
37561550
37561584
37561592
37561614
37571235
37571286
37571294
37571308
37571316
37571324
37571332
37571340
37571367
37571383
37578888
37578900
37587967
37588016
37588032
37588083
37588113
37588130
37588148
37597383
37597413
37597430
37597448
37597472
37597480
37597529
37608580
37608598
37608610
37617065
37617081
37617103
37617111
37625807
37625815
37635274
37635312
37635355
37635363
37635371
37645618
37645634
37645669
37645677
37645693
37645707
37655140
37655182
37655190
37655204
37655212
37655239
37655247
37655271
37655280
37655298
37663746
37663770
37663797
37663800
37663827
37672345
37672353
37672400
37672426
37683050
37683069
37683093
37683107
37683115
37683131
37693194
37693208
37693224
37693232
37703581
37703603
37703620
37703638
37703654
37703689
37703700
37703751
37703778
37713720
37713739
37713747
37713755
37713763
37713798
37713801
37713836
37713844
37713860
37713968
37723376
37723384
37723430
37723449
37723457
37723473
37723490
37723520
37723538
37732994
37733000
37733060
37733078
37740679
37740687
37740695
37740709
37740717
37740733
37740741
37752592
37752606
37752649
37752665
37752711
37752720
37752738
37752754
37763664
37763672
37763699
37763702
37763745
37763753
37763761
37775014
37775030
37775049
37775073
37775081
37775090
37775103
37775120
37784977
37784985
37785018
37785026
37785050
37785077
37785093
37792724
37792732
37792740
37792759
37792767
