37792775
37792783
37802720
37802739
37802755
37802771
37802780
37802798
37802801
37802860
37802895
37812341
37812350
37812368
37812376
37812392
37812406
37812414
37812422
37812473
37812481
37812490
37812503
37822671
37822680
37822701
37822710
37822728
37822736
37822752
37822760
37822779
37822787
37831084
37831092
37831106
37831122
37831149
37831157
37831165
37831173
37831190
37831211
37831220
37831238
37831246
37831254
37831262
37831270
37831289
37831297
37839290
37839304
37839339
37848078
37848086
37848094
37848108
37848116
37857882
37857890
37857904
37857912
37857920
37867398
37867401
37867410
37867428
37867436
37867452
37867460
37869976
37869984
37877529
37877537
37877545
37883890
37883903
37883911
37883920
37883938
37883946
37883954
37884003
37884011
37884038
37884062
37884089
37893230
37893249
37893273
37893281
37893290
37893320
37893338
37893346
37893354
37893362
37893397
37893400
37893443
37904577
37904585
37904623
37904640
37904658
37904674
37904682
37904690
37904704
37904739
37904755
37916512
37916520
37916555
37916563
37916571
37916598
37916610
37916636
37916644
37916652
37916660
37916679
37916695
37916709
37926982
37926990
37927007
37927023
37927031
37927074
37927104
37927112
37927120
37927139
37927147
37927163
37927180
37927198
37927201
37938782
37938804
37938820
37938839
37938847
37938863
37938901
37938910
37938936
37938944
37938952
37938960
37938979
37938995
37939001
37939010
37939028
37939079
37939109
37948808
37948816
37948824
37948832
37948840
37965280
37965299
37965302
37965310
37965337
37965345
37965361
37965370
37965388
37965426
37965434
37965442
37965507
37965531
37965558
37965582
37965590
37978230
37978248
37978256
37978264
37978299
37978302
37978310
37978329
37978353
37978396
37978434
37984541
37987211
37987246
37987254
37987297
37991670
37991697
37991700
37998300
37998334
37998350
37998385
38004670
38004697
38011490
38011511
38011546
38011570
38016829
38016837
38016853
38016861
38016870
38021612
38021620
38021639
38027089
38027097
38027127
38032794
38032808
38032816
38032824
38032840
38038690
38038703
38038711
38038738
38038746
38044594
38048758
38048774
38048782
38048790
38048812
38053711
38053746
38053770
38053800
38059714
38059749
38059757
38059765
38059773
38059781
38059790
38065864
38065872
38065880
38065902
38070593
38070623
38070640
38070658
38075272
38075280
38075310
38075329
38080074
38080082
38080104
38080112
38080120
38080139
38080163
38080171
38084394
38084408
38084416
38084440
38084467
38084491
38084505
38084513
38092184
38092192
38102032
38102083
38108779
38108809
38108817
38108825
38108850
