31260752
31267700
31267726
31267750
31267777
31274057
31274081
31274090
31280490
31280539
31280563
31287863
31287979
31295556
31295564
31295572
31295602
31295610
31300954
31300962
31300989
31300997
31308516
31308524
31314895
31314909
31320765
31320781
31320803
31320811
31323958
31324040
31331209
31331217
31331250
31336885
31336931
31345638
31352244
31352260
31352287
31358867
31362086
31365473
31365490
31372284
31372314
31372373
31372411
31372446
31376022
31378511
31378546
31378589
31378635
31378686
31384610
31384629
31384661
31384696
31391448
31391472
31391499
31399638
31399646
31399670
31399727
31399735
31405985
31406077
31406085
31406093
31411278
31411294
31411340
31415679
31418080
31418128
31418136
31425060
31431755
31431810
31435544
31435560
31435579
31435595
31445076
31445084
31445092
31445106
31445114
31451272
31451280
31457879
31457887
31465120
31465162
31465170
31465197
31465219
31465227
31472062
31472089
31472100
31472127
31472143
31474799
31478375
31484733
31492310
31498747
31505259
31505267
31512272
31512302
31519068
31519106
31519114
31519165
31527460
31527478
31527486
31527494
31527540
31527559
31533399
31533410
31549280
31553434
31553469
31553477
31553515
31553523
31565803
31565811
31574500
31574518
31574534
31585860
31585894
31585924
31593277
31593307
31604937
31610998
31611004
31611012
31611020
31611039
31611063
31611071
31611098
31611101
31611110
31618517
31618525
31618533
31618541
31625719
31625735
31625743
31625760
31625778
31632732
31640018
31640026
31647644
31647652
31650135
31650160
31657230
31668400
31668418
31668426
31668434
31668450
31674096
31674100
31674126
31681484
31681522
31681590
31681638
31681646
31687657
31687665
31687681
31693624
31693632
31693640
31693659
31693675
31699775
31699783
31699791
31699805
31705478
31705486
31705494
31705516
31718770
31718796
31721490
31725254
31725262
31725270
31731981
31731990
31760782
31780550
31780569
31780577
31792849
31807796
31807800
31807826
31824371
31824398
31824410
31824428
31824436
31837940
31837959
31837967
31852193
31863222
31863230
31876559
31876567
31876575
31876583
31876591
31899382
31899420
31899439
31908480
31908499
31924958
31924966
31934471
31934480
31934501
31934510
31941924
31941932
31941940
31941959
31949073
31955679
31955695
31962552
31962587
31962595
31968091
31969275
31969283
31974220
31974247
31974263
31981139
31987263
31987271
31987280
32000530
32000548
32005774
32005790
32005812
32005855
32005871
32013068
32013076
32013092
32017221
32017230
32017248
32017256
32017264
32026696
32026700
32026718
32026726
32026734
32032930
32032957
32032965
32039920
32039939
32039947
32039963
32045345
32045353
32048198
32048201
32048260
32048295
32055900
32055926
32063651
32063660
32069956
32069972
32075567
32075575
32081321
32087529
32087553
32087561
32087570
32087596
32089910
32092428
32092436
32092444
32092452
32092479
32092487
32092495
32097123
32097131
32097158
32097174
32097239
32097247
32102084
32102092
32102106
32102114
32107774
32107782
32107804
32113490
32113512
32120544
32121914
32134434
32134442
32134469
32139750
32139768
32139792
32139806
32139814
32146781
32146790
32151095
32151109
32151117
32151125
32157039
32157055
32157063
32157080
32162507
32162531
32162566
32168054
32168062
32177788
32177796
32177800
32177826
32181274
32189715
32193899
32199603
32199638
32203810
32209294
32209308
32209324
32214967
32214983
32214991
32219913
32219930
32219948
32224731
32224740
32229631
32229640
32229658
32235277
32235285
32235293
32235315
32240540
32240567
32240575
32245343
32245378
32250420
32254872
32254880
32254899
32254902
32254910
32271369
32276412
32276420
32283410
32287217
32287233
32287241
32287250
32292841
32292850
32292868
32292876
32292884
32292892
32298372
32298380
32298399
32298402
32305836
32310948
32318410
32318429
32318437
32323077
32323085
32323093
32323107
32327460
32327478
32327486
32327508
32332261
32332288
32338094
32338108
32343716
32343724
32343732
32343740
32343759
32348284
32348292
32348306
32352900
32357185
32362653
32362661
32366949
32366957
32373288
32378463
32383680
32383699
32383702
32394698
32394728
32399547
32399563
32404082
32404112
32404120
32409640
32409659
32415340
32426242
32436386
32436408
32436424
32436440
32436459
32442493
32448224
32448259
32448267
32453549
32463569
32463577
32468752
32468760
32468779
32468787
