12410969
12419160
12419178
12426736
12433423
12433474
12436845
12451217
12459377
12466250
12473282
12473347
12507520
12520600
12535784
12539808
12552998
12553195
12562827
12582409
12582417
12582433
12582468
12595905
12596064
12596080
12596145
12613840
12613866
12613882
12614110
12614187
12614209
12641173
12641394
12641459
12656239
12656247
12656271
12656310
12666534
12692835
12692851
12704930
12704948
12704972
12711490
12711503
12711538
12711554
12711562
12711570
12711589
12711597
12729667
12729683
12729713
12729721
12757128
12757160
12772748
12799760
12799794
12799832
12820411
12820420
12856245
12856261
12856440
12866923
12866966
12892388
12892469
12892477
12920127
12920437
12920445
12939928
12970451
12970460
12976322
12976330
12985290
12985304
13018832
13018840
13018859
13041410
13041479
13057211
13068733
13068750
13068768
13081120
13081139
13089566
13089582
13089590
13089639
13089647
13089663
13107026
13107034
13119640
13119659
13119900
13145062
13145070
13145089
13145097
13152299
13152337
13160704
13160747
13160771
13178469
13178493
13204894
13218016
13230265
13244295
13244538
13244554
13244562
13244570
13254930
13254957
13254965
13265620
13267922
13282310
13291149
13299797
13325632
13325659
13329308
13329375
13344600
13358125
13358150
13358176
13358192
13368102
13368129
13375282
13375290
13390096
13390100
13390118
13390126
13390142
13406494
13406524
13414721
13414748
13432434
13432469
13438321
13438330
13438364
13438372
13438399
13463147
13463163
13463171
13463180
13463198
13471298
13487162
13491562
13491570
13491589
13501224
13501232
13501267
13501275
13508346
13515491
13524724
13524740
13548111
13548146
13548162
13548170
13555836
13555860
13555941
13555984
13572306
13572322
13572330
13584130
13584149
13584173
13584203
13584238
13584246
13601851
13601878
13614975
13614991
13615016
13615024
13615040
13615059
13619999
13620004
13620020
13620039
13628407
13628423
13628440
13628458
13634875
13646110
13656016
13656121
13664868
13664884
13664914
13664949
13671822
13671911
13688662
13688689
13688719
13688794
13700227
13725000
13725019
13731150
13734920
13734939
13747955
13747971
13747980
13748047
13748071
13748080
13749450
13760091
13760105
13760113
13760148
13760199
13768281
13788025
13788041
13788050
13802545
13814981
13815014
13815057
13815065
13815073
13815090
13824012
13824039
13824047
13829028
13829036
13834164
13837110
13837144
13849653
13849670
13849688
13849700
13854889
13854919
13855914
13858325
13867072
13867080
13867099
13867137
13874720
13884286
13884316
13884332
13884375
13898540
13900454
13906970
13910679
13910750
13924194
13924232
13924240
13929787
13938173
13938203
13938289
13944485
13952194
13952208
13952224
13954012
13965712
13976924
13976975
13976983
13988449
13996018
14017401
14017428
14017444
14017452
14017460
14027103
14027146
14038595
14038609
14038617
14048530
14048572
14048599
14053706
14053722
14053730
14053749
14053757
14056826
14057791
14057848
14063858
14086223
14086240
14086266
14086274
14086282
14086339
14086347
14086355
14086371
14086380
14086398
14086401
14099584
14099614
14114390
14114420
14114439
14114447
14114455
14114463
14114471
14114480
14114528
14128205
14128221
14128280
14128353
14141859
14141972
14142005
14142013
14142056
14142099
14145850
14146570
14146589
14146597
14153489
14154620
14154727
14154786
14160796
14160800
14166632
14166640
14166691
14169612
14172677
14178300
14178327
14184922
14184949
14184965
14184990
14189709
14189717
14197779
14197795
14203242
14212135
14232370
14232388
14232418
14232426
14234028
14239157
14239165
14239483
14243999
14252210
14252261
14252288
14252296
14257625
14257633
14269883
14269921
14269948
14269964
14269972
14278130
14278164
14280717
14284824
14294771
14294810
14294828
14297751
14297786
14297808
14307065
14307081
14307090
14307103
14307120
14307138
14310745
14310753
14310761
14310770
14310796
14310818
14310842
14310850
14310869
14317247
14317298
14317310
14324260
14324295
14324309
14332263
14332280
14332298
14332336
14336834
14336842
14336869
14336877
14336923
14347078
14352929
14352937
14352970
14352988
14352996
14353002
14353061
14353070
14361480
14361510
14364990
14373778
14377540
14377605
14377613
14377621
14377648
14382172
14389545
14389588
14389596
14389618
14389634
14394150
14394240
14401835
14401851
14401886
14401908
14401967
14401975
