23836057
23836065
23836138
23842474
23842512
23855520
23855610
23855636
23855660
23863647
23863728
23870849
23881589
23881619
23890633
23900036
23900044
23900133
23906896
23913060
23913109
23926982
23926990
23927015
23927040
23927058
23934608
23934721
23939893
23939907
23939915
23950522
23950581
23951781
23951820
23956681
23959416
23959424
23959459
23962420
23962578
23972377
23972385
23972393
23972407
23990900
23990926
23990985
23991018
23991034
23991077
23996457
23996481
23996503
23996511
23996520
23996554
23996562
23996589
23996597
23999178
24003683
24003691
24003748
24003764
24010168
24010176
24010184
24010192
24018951
24018978
24018986
24026431
24031500
24031551
24040975
24040983
24040991
24047426
24047450
24047469
24047523
24047531
24053711
24053738
24053746
24053754
24058409
24058417
24058450
24064796
24064850
24064869
24067784
24074609
24074617
24074625
24074749
24074765
24079185
24079231
24079266
24079282
24079320
24088825
24088833
24088841
24095652
24095679
24097890
24097920
24098012
24098063
24105144
24105152
24105160
24105179
24105187
24114649
24114657
24114665
24114673
24114690
24114738
24120993
24121000
24121093
24121107
24126082
24126112
24126180
24126198
24129844
24129852
24129895
24129925
24140095
24148994
24149019
24149027
24149051
24149060
24158599
24158645
24175182
24175247
24175310
24175344
24181338
24181346
24181389
24191625
24191650
24191714
24202260
24202317
24202325
24202376
24222691
24222713
24222748
24222772
24222780
24222810
24222845
24234386
24234394
24234408
24234424
24234432
24234440
24234459
24234467
24234475
24234491
24234513
24243988
24244029
24244037
24244061
24244070
24244088
24248756
24248799
24248810
24248829
24252340
24269856
24269937
24269970
24269988
24283842
24283885
24283907
24283915
24283931
24283940
24283958
24289837
24289853
24289861
24289888
24289900
24301760
24301787
24301795
24301809
24301817
24301825
24301841
24301850
24301868
24301876
24301914
24312697
24312700
24312719
24312743
24312751
24312760
24316087
24316095
24336114
24336130
24336203
24336220
24336238
24336319
24348682
24348690
24348704
24348712
24348720
24348747
24348771
24348798
24348801
24358813
24358821
24358830
24358880
24358899
24358902
24358910
24358929
24358937
24358961
24373520
24373546
24373554
24373570
24373600
24373660
24377300
24377327
24390920
24390962
24390970
24390989
24391003
24391011
24391020
24391186
24391224
24403302
24403310
24403337
24403370
24403388
24403396
24403418
24403426
24403450
24403469
24403485
24410180
24416906
24416957
24418940
24421473
24421538
24429221
24429256
24429280
24429337
24429345
