30630733
30630741
30630768
30630776
30630784
30636043
30641090
30641139
30641147
30646047
30648269
30648277
30648315
30656830
30656881
30656890
30656920
30656938
30658840
30658874
30658890
30658912
30664795
30664906
30664914
30674241
30674268
30674292
30679770
30679800
30684121
30685631
30685666
30685771
30691676
30691684
30691722
30697792
30697806
30697830
30697873
30697881
30703517
30703525
30703533
30705046
30705070
30714290
30715171
30715201
30721327
30721360
30727397
30727400
30733011
30733046
30733070
30738493
30743333
30749867
30756368
30756406
30758415
30761674
30761712
30765587
30771872
30771880
30771945
30771996
30772037
30772053
30772061
30775173
30782812
30782820
30782847
30782855
30782863
30788114
30788122
30793854
30793889
30805207
30805223
30811462
30811497
30811560
30816460
30816494
30816508
30821830
30821865
30827639
30829524
30832481
30839170
30839188
30839196
30839200
30839250
30840433
30846940
30846975
30853190
30853247
30853255
30864424
30864432
30864440
30864467
30864548
30871375
30871383
30871413
30876658
30876666
30876674
30876682
30876690
30882340
30882358
30882366
30882374
30882390
30882412
30882420
30882439
30887983
30893802
30893837
30893861
30897766
30897804
30897820
30902579
30902587
30907789
30907797
30907800
30912769
30912807
30918354
30918362
30918370
30923903
30923911
30923920
30928609
30934767
30934775
30934783
30934791
30940653
30940661
30946834
30946850
30946885
30946907
30946915
30952739
30954683
30954705
30954713
30954721
30962562
30962570
30962589
30962597
30977725
30979017
30979033
30979041
30979050
30984650
30986448
30989495
30989509
30989525
30989533
30992431
31003988
31003996
31004010
31008888
31008896
31011352
31011379
31011387
31011409
31011921
31012005
31016406
31016422
31016430
31019895
31019968
31019976
31021712
31025455
31025480
31025498
31031007
31031015
31036446
31043990
31044015
31044023
31044066
31049829
31049845
31049853
31049861
31049870
31055634
31055642
31069079
31069087
31069095
31073916
31073924
31073940
31077462
31077489
31083413
31083421
31087156
31092268
31092284
31092314
31102159
31102191
31106037
31106053
31106061
31106088
31106223
31113352
31113409
31119886
31119894
31120465
31126360
31126379
31126387
31134622
31134649
31134665
31134673
31134681
31141190
31147282
31151763
31151771
31151780
31160737
31160761
31160796
31160800
31167433
31167441
31167476
31167506
31167549
31167557
31174570
31174600
31181349
31186826
31186850
31193769
31193793
31193840
31193904
31199915
31199923
31199940
31199974
31199990
31206885
31206915
31206923
31206966
31213483
31213513
31213521
