24429361
24429400
24429442
24429469
24439373
24439390
24439403
24443285
24443293
24443315
24443323
24443331
24451440
24452216
24452240
24452283
24458430
24466661
24466696
24466700
24466718
24470662
24470697
24474303
24474320
24474389
24480348
24480399
24488090
24488104
24488112
24488155
24488163
24495772
24495942
24502586
24502608
24502632
24506898
24506936
24506944
24506960
24506987
24516476
24516484
24516492
24521561
24521588
24527432
24527459
24527475
24528160
24534278
24539666
24539674
24539704
24542637
24546507
24546523
24546531
24546558
24546566
24546574
24552550
24552568
24552576
24552592
24558919
24559850
24559876
24566059
24566091
24566113
24566156
24566164
24572590
24572603
24572611
24582763
24582798
24585735
24585751
24585760
24585794
24585824
24585832
24592457
24592481
24592490
24592503
24601547
24601601
24601610
24601717
24602470
24602496
24602500
24602518
24602526
24607299
24612309
24612350
24618158
24618190
24618212
24618220
24618239
24624311
24624389
24624460
24631190
24637915
24637923
24637931
24637958
24638007
24638031
24645055
24650760
24658519
24658527
24664731
24664758
24664839
24670300
24670326
24670342
24670423
24670431
24671992
24678893
24678923
24678931
24678940
24678958
24684178
24690013
24690021
24690048
24690072
24690102
24690110
24696687
24696717
24696733
24696741
24708900
24708919
24708927
24708951
24708960
24708986
24708994
24709752
24715347
24715363
24715401
24715410
24721977
24722000
24727643
24727686
24727694
24727732
24730819
24730827
24730835
24730851
24741443
24746653
24753570
24753588
24753596
24753600
24758917
24758925
24758950
24764404
24764439
24764455
24770694
24770708
24770716
24770732
24776484
24782516
24782524
24782532
24788632
24788640
24788659
24788683
24791905
24791921
24791930
24806020
24806038
24813426
24813493
24819445
24819453
24819488
24824727
24824751
24831953
24831961
24831970
24837484
24837492
24837530
24837565
24845959
24845975
24845983
24846008
24849250
24857180
24857198
24857201
24857236
24867388
24867400
24873851
24873924
24873967
24874016
24878530
24878565
24886436
24886479
24892403
24892420
24892446
24897966
24898023
24898031
24898139
24898147
24906819
24906827
24906835
24913425
24913433
24913441
24913492
24913514
24926719
24926727
24926794
24926808
24926816
24930574
24939492
24946384
24946392
24946430
24946457
24948288
24948326
24948342
24959716
24959724
24967115
24974090
24974112
24974120
24974139
24980343
24988681
24993130
24995700
24995735
25002678
25002716
25010875
25010883
25020291
25020313
25020330
25030902
25030910
25030929
25030945
25036930
25036948
25036964
