15931694
15931716
15931732
15931767
15942782
15942790
15942804
15942820
15942855
15942880
15942898
15942910
15942936
15952603
15955235
15955243
15959610
15959636
15966722
15966749
15966757
15966765
15966773
15966781
15966846
15974989
15974997
15975011
15975020
15975038
15975062
15975100
15984150
15984176
15984184
15984192
15984206
15984249
15984257
15984265
15984273
15984290
15990186
15990194
15990232
15990259
15990267
15990283
15990305
15990313
15990321
15990330
15990356
15990380
15990399
15991971
15992470
16009596
16009600
16009642
16017475
16017505
16024685
16039465
16041562
16045653
16045696
16045700
16045718
16045734
16045815
16045866
16045890
16045912
16045963
16045980
16045998
16051973
16051981
16055746
16056318
16056334
16056369
16057640
16059179
16059209
16059217
16059225
16059250
16059276
16059292
16059314
16059349
16065537
16065545
16065561
16068940
16069016
16070576
16070584
16070592
16074705
16074713
16074721
16078626
16080197
16083614
16083649
16083681
16083690
16083703
16083746
16083800
16083835
16083843
16083908
16088158
16088204
16091218
16102236
16102260
16102279
16102287
16102295
16102309
16108999
16109005
16109021
16109099
16109110
16109129
16109161
16109170
16109196
16109218
16109226
16109269
16112639
16112663
16112671
16112728
16112736
16112744
16112760
16116177
16116193
16126227
16126243
16126251
16126294
16126316
16126324
16126375
16126413
16137404
16139081
16139120
16139138
16139146
16139162
16139227
16139294
16152145
16153655
16153710
16153779
16153809
16153850
16153868
16158601
16158610
16158644
16158695
16158725
16158741
16160415
16160431
16160466
16160474
16163640
16167731
16167790
16169317
16174631
16174690
16174739
16179604
16179612
16179620
16179647
16179655
16192760
16192778
16192786
16192832
16192840
16192867
16202138
16202170
16202200
16202243
16202286
16208963
16208971
16209012
16209039
16209080
16212271
16212298
16212344
16216940
16216966
16216974
16220860
16220886
16220932
16226765
16230880
16240450
16240522
16240530
16240557
16240565
16243995
16251467
16251475
16251483
16251513
16251521
16256286
16265586
16265632
16265640
16265667
16267307
16267315
16270744
16270752
16270787
16270809
16270817
16270833
16270876
16274835
16274878
16288687
16288709
16288776
16288792
16288830
16289488
16296620
16296639
16296655
16296663
16296671
16296701
16300136
16300144
16300152
16305796
16305834
16310989
16311038
16311046
16315056
16315102
16315153
16315161
16315170
16315188
16323946
16323970
16323997
16324020
16324038
16325513
16325556
16333893
16333915
16333923
16333958
16333990
16340939
16340955
16340963
