38108876
38108892
38114479
38114495
38114525
38114550
38114568
38119913
38125818
38125842
38132149
38132157
38132181
38132190
38132203
38132211
38135544
38135560
38135579
38135609
38135617
38135633
38142959
38142975
38142983
38143008
38143032
38148455
38154406
38154414
38154430
38154449
38154457
38154481
38154490
38160564
38160599
38160610
38160629
38166400
38166427
38166435
38166443
38166451
38166460
38172054
38172062
38172070
38172089
38172097
38172100
38172127
38172135
38177353
38177370
38182937
38182945
38182970
38188867
38188905
38188921
38188930
38188956
38188972
38195791
38195805
38195848
38195856
38195864
38195872
38195880
38195899
38195902
38201460
38201486
38201494
38206025
38206041
38212205
38212213
38218674
38218690
38218720
38218739
38218747
38224439
38224447
38224455
38224463
38224471
38224480
38224498
38230015
38230031
38230066
38230082
38236484
38236506
38236514
38236549
38240680
38240710
38240736
38240744
38248012
38248020
38248039
38248047
38248098
38254154
38255346
38255354
38255362
38255389
38261364
38261372
38261399
38268184
38268206
38268214
38268222
38268230
38268249
38273261
38273270
38273296
38273300
38273334
38273342
38273350
38273369
38273377
38280366
38280374
38280390
38280420
38286849
38292913
38292921
38292930
38292948
38292956
38292964
38292972
38293013
38305312
38305355
38305363
38305371
38305380
38305410
38305428
38312468
38312476
38312484
38312492
38312506
38312530
38312549
38312557
38318487
38318525
38318533
38324470
38324497
38324527
38330235
38330243
38330260
38335534
38335542
38335569
38335585
38335607
38335615
38335631
38335658
38342345
38342353
38342396
38342400
38349343
38349360
38349378
38349386
38355310
38355329
38355337
38355345
38355353
38355361
38355370
38355434
38355442
38355469
38360716
38360724
38360732
38360759
38366654
38366670
38372885
38372893
38379140
38385206
38385265
38385273
38385290
38396930
38396949
38396981
38397006
38397014
38397030
38403230
38403272
38403299
38410270
38410296
38410300
38410334
38410350
38410369
38416302
38416310
38416329
38416345
38416370
38421171
38421198
38421201
38427255
38427328
38427360
38433559
38433591
38440327
38440335
38440360
38440394
38440408
38446702
38446710
38446729
38446745
38451628
38451660
38451717
38457396
38457450
38457469
38457493
38463622
38463649
38463657
38463665
38469765
38469781
38475198
38475228
38481220
38481238
38487613
38487630
38487672
38494599
38494610
38494661
38501157
38501165
38501190
38506391
38506405
38506413
38517382
38517404
38517412
38517439
38565878
38582666
38593045
38627202
38633190
38645527
38645551
38674999
39431980
39745036
39899922
40129919
40431355
40543979
40891418
40961289
41077028
41686012
42254330
42422418
42593752
42716421
42722946
42903900
42934477
42964630
43230933
43661715
44010790
44228826
44437423
44640290
44927450
45405209
45420535
45615570
45977510
46177648
46177699
46288557
46296495
47172258
47280489
47936711
48130072
48269756
48651798
48789953
49079393
49770762
49874453
49992521
50062778
