31213530
31213556
31219680
31219702
31219710
31226432
31226467
31226505
31233383
31233391
31233405
31233413
31233421
31239815
31239823
31239912
31239920
31239963
31247010
31247036
31247044
31253321
31253364
31259405
31260639
31260647
31260680
31260701
31260752
31267700
31267726
31267750
31267777
31274057
31274081
31274090
31280490
31280539
31280563
31287863
31287979
31295556
31295564
31295572
31295602
31295610
31300954
31300962
31300989
31300997
31308516
31308524
31314895
31314909
31320765
31320781
31320803
31320811
31323958
31324040
31331209
31331217
31331250
31336885
31336931
31345638
31352244
31352260
31352287
31358867
31362086
31365473
31365490
31372284
31372314
31372373
31372411
31372446
31376022
31378511
31378546
31378589
31378635
31378686
31384610
31384629
31384661
31384696
31391448
31391472
31391499
31399638
31399646
31399670
31399727
31399735
31405985
31406077
31406085
31406093
31411278
31411294
31411340
31415679
31418080
31418128
31418136
31425060
31431755
31431810
31435544
31435560
31435579
31435595
31445076
31445084
31445092
31445106
31445114
31451272
31451280
31457879
31457887
31465120
31465162
31465170
31465197
31465219
31465227
31472062
31472089
31472100
31472127
31472143
31474799
31478375
31484733
31492310
31498747
31505259
31505267
31512272
31512302
31519068
31519106
31519114
31519165
31527460
31527478
31527486
31527494
31527540
31527559
31533399
31533410
31549280
31553434
31553469
31553477
31553515
31553523
31565803
31565811
31574500
31574518
31574534
31585860
31585894
31585924
31593277
31593307
31604937
31610998
31611004
31611012
31611020
31611039
31611063
31611071
31611098
31611101
31611110
31618517
31618525
31618533
31618541
31625719
31625735
31625743
31625760
31625778
31632732
31640018
31640026
31647644
31647652
31650135
31650160
31657230
31668400
31668418
31668426
31668434
31668450
31674096
31674100
31674126
31681484
31681522
31681590
31681638
31681646
31687657
31687665
31687681
31693624
31693632
31693640
31693659
31693675
31699775
31699783
31699791
31699805
31705478
31705486
31705494
31705516
31718770
31718796
31721490
31725254
31725262
31725270
31731981
31731990
31760782
31780550
31780569
31780577
31792849
31807796
31807800
31807826
31824371
31824398
31824410
31824428
31824436
31837940
31837959
31837967
31852193
31863222
31863230
31876559
31876567
31876575
31876583
31876591
31899382
31899420
31899439
31908480
31908499
31924958
31924966
31934471
31934480
31934501
31934510
31941924
31941932
31941940
31941959
31949073
31955679
31955695
31962552
31962587
31962595
31968091
31969275
31969283
31974220
31974247
