32468795
32468809
32474339
32474355
32479212
32481620
32490440
32496434
32496469
32496493
32502099
32502137
32507118
32509941
32517600
32517634
32517642
32523709
32523725
32523733
32528897
32528935
32528943
32531981
32538920
32543692
32543722
32549318
32549326
32554799
32554810
32559230
32564504
32564539
32569099
32569102
32569110
32569137
32569153
32573057
32573065
32573103
32573120
32580135
32580151
32590163
32590171
32590180
32590198
32590201
32590236
32595420
32595454
32595462
32595470
32601190
32601246
32606812
32606847
32606863
32606880
32606901
32606910
32611959
32611967
32616530
32616875
32620558
32620566
32620590
32620612
32624916
32628098
32628101
32632862
32632897
32632919
32632927
32642343
32642360
32647855
32647863
32647901
32653849
32653857
32660064
32660072
32660129
32660145
32660161
32669446
32669462
32669543
32678517
32678550
32685476
32685522
32685530
32692090
32692120
32698786
32698808
32704985
32705000
32705034
32705042
32710693
32710715
32710731
32710766
32715860
32715887
32715925
32715933
32716009
32716017
32716025
32722043
32722060
32722086
32722094
32722116
32722230
32727601
32727610
32727628
32727652
32727679
32727687
32732870
32732926
32732950
32750612
32750639
32750698
32753988
32754045
32762366
32762374
32762390
32780273
32780281
32780290
32780311
32780362
32780370
32780400
32787760
32787786
32787824
32787832
32787859
32787867
32794198
32800753
32800770
32800869
32800877
32807000
32807034
32807069
32807077
32814015
32814023
32814090
32814104
32814112
32821128
32827775
32827805
32827821
32827830
32827856
32840464
32840480
32840502
32840529
32848409
32848417
32848433
32848476
32848484
32848492
32855295
32855309
32855350
32855384
32855422
32855449
32855457
32861700
32861750
32861769
32868538
32868562
32868570
32875101
32875110
32875128
32882346
32889840
32889875
32889948
32889956
32896279
32896317
32896333
32902451
32902486
32902494
32908527
32908551
32908560
32915699
32915770
32922629
32922637
32922653
32922688
32922718
32929058
32929090
32929120
32934372
32936187
32936195
32936217
32936233
32936250
32942286
32942367
32949322
32949365
32949373
32956362
32956435
32956443
32962780
32962798
32968715
32968731
32968740
32968766
32973649
32974857
32974873
32974890
32974903
32982094
32982132
32989017
32989025
32989068
32995019
33001606
33001622
33001630
33008019
33014711
33020985
33021077
33024790
33024812
33024820
33024847
33032386
33032416
33032424
33038460
33038478
33038486
33038494
33038524
33038567
33038583
33050935
33050951
33056920
33068126
33068134
33069490
33074373
33074381
33074390
33077035
33080731
33080740
33080758
33080790
33080812
33089633
33105860
33110107
33111048
33114400
33124129
33124161
33129460
33129487
33129509
33129517
33129541
33135586
33135624
33142869
33142885
33142893
33142907
33146992
33149077
33149085
33149107
33149115
33154405
33159844
33159895
33165714
33165790
33171252
33171287
33171295
33171309
33171317
33171325
33171333
33176586
33176616
33176640
33181868
33187194
33187208
33187232
33187259
33193536
33193544
33193552
33193609
33198290
33199202
33203893
33203915
33203931
33203958
33209063
33209071
33213900
33213927
33219369
33219385
33225000
33225026
33230227
33230251
33230278
33235348
33235356
33235364
33239935
33239951
33245872
33251076
33251106
33256545
33256553
33256561
33266611
33266620
33266654
33270191
33270221
33277416
33277440
33277475
33282293
33282323
33282374
33282382
33292017
33297421
33297456
33297464
33297472
33302412
33302439
33307665
33312351
33312360
33312424
33312432
33322924
33328765
33328862
33328889
33334384
33339179
33344477
33344531
33349091
33349105
33358693
33363932
33363967
33364008
33368620
33368654
33368670
33373847
33378836
33378860
33382799
33382802
33382837
33389550
33389576
33389592
33392369
33392385
33397013
33401467
33401483
33401491
33401505
33407800
33407818
33407826
33411142
33419529
33419553
33423961
33423988
33428217
33428241
33428250
33428276
33428284
33432943
33432960
33432986
33438067
33438075
33442556
33442637
33442688
33447146
33447154
33451171
33451210
33454968
33459981
33460005
33460013
33460021
33460030
33460048
33464481
33464520
33469217
33473528
33473544
33473560
33477333
33481873
33490847
33490855
33490863
33490901
33490910
33490928
33494776
33494792
33494806
33494814
33494822
33499625
33499641
33499668
33505050
33505093
