25863503
25863511
25863520
25877266
25877312
25877320
25890842
25890850
25896357
25915866
25915882
25921396
25945573
25945581
25945620
25945638
25945646
25955828
25961226
25961250
25970011
25970020
25970038
25984530
26003345
26006546
26006554
26009488
26013268
26013276
26013284
26013292
26013306
26013322
26013411
26013454
26013462
26016701
26016710
26016728
26016736
26016787
26016809
26020125
26020141
26020150
26020176
26020184
26020222
26020249
26020257
26020265
26020281
26020290
26020303
26024569
26024577
26024585
26024690
26024712
26032014
26032413
26037720
26037810
26057760
26076754
26076789
26076797
26076800
26076819
26076843
26076851
26076860
26076878
26085779
26092091
26092121
26092130
26097650
26102195
26107885
26107907
26107958
26113151
26113160
26113194
26128624
26128675
26137355
26137363
26137371
26143802
26143810
26143845
26149872
26149880
26156179
26161604
26161647
26161736
26161752
26161760
26178347
26178355
26183386
26189249
26189370
26194571
26201067
26201083
26204918
26204926
26204934
26210189
26213029
26213088
26213096
26218000
26223081
26232063
26232101
26232110
26238457
26243402
26243429
26245667
26251154
26251189
26261069
26261085
26261107
26261115
26261140
26266511
26275927
26275935
26275960
26287174
26287220
26287247
26299713
26299721
26304860
26304925
26310226
26310250
26312456
26315185
26315193
26315215
26315223
26315240
26320432
26320483
26320491
26329539
26329547
26329563
26334144
26334152
26341478
26346815
26354125
26354133
26354150
26354184
26354192
26355910
26355929
26360054
26361343
26369576
26369584
26370180
26384339
26393060
26393175
26423632
26428788
26428826
26434798
26434828
26434844
26439108
26439124
26439132
26439140
26445339
26451381
26451403
26457520
26462330
26472856
26479935
26481714
26492420
26492462
26496898
26496910
26509939
26509980
26514471
26514480
26514501
26521010
26527080
26532141
26532150
26532168
26532222
26539085
26539093
26539115
26539190
26544456
26544464
26544510
26544529
26552092
26552122
26552211
26559554
26559562
26559597
26565440
26565467
26565483
26573494
26573508
26573524
26573532
26573559
26578254
26585308
26585332
26585340
26592429
26592461
26592526
26597949
26598022
26601691
26604930
26611130
26611172
26618391
26618405
26624113
26630646
26630662
26637032
26642926
26642993
26651177
26663147
26663171
26663198
26675842
26675877
26675893
26681917
26681925
26688265
26692347
26702041
26715424
26721612
26727933
26728432
26735260
26735278
26735294
26735316
26735332
26735340
26735359
26740819
26750138
26756084
26765155
26770461
26775540
26782172
26782199
26786379
26793007
