31974263
31981139
31987263
31987271
31987280
32000530
32000548
32005774
32005790
32005812
32005855
32005871
32013068
32013076
32013092
32017221
32017230
32017248
32017256
32017264
32026696
32026700
32026718
32026726
32026734
32032930
32032957
32032965
32039920
32039939
32039947
32039963
32045345
32045353
32048198
32048201
32048260
32048295
32055900
32055926
32063651
32063660
32069956
32069972
32075567
32075575
32081321
32087529
32087553
32087561
32087570
32087596
32089910
32092428
32092436
32092444
32092452
32092479
32092487
32092495
32097123
32097131
32097158
32097174
32097239
32097247
32102084
32102092
32102106
32102114
32107774
32107782
32107804
32113490
32113512
32120544
32121914
32134434
32134442
32134469
32139750
32139768
32139792
32139806
32139814
32146781
32146790
32151095
32151109
32151117
32151125
32157039
32157055
32157063
32157080
32162507
32162531
32162566
32168054
32168062
32177788
32177796
32177800
32177826
32181274
32189715
32193899
32199603
32199638
32203810
32209294
32209308
32209324
32214967
32214983
32214991
32219913
32219930
32219948
32224731
32224740
32229631
32229640
32229658
32235277
32235285
32235293
32235315
32240540
32240567
32240575
32245343
32245378
32250420
32254872
32254880
32254899
32254902
32254910
32271369
32276412
32276420
32283410
32287217
32287233
32287241
32287250
32292841
32292850
32292868
32292876
32292884
32292892
32298372
32298380
32298399
32298402
32305836
32310948
32318410
32318429
32318437
32323077
32323085
32323093
32323107
32327460
32327478
32327486
32327508
32332261
32332288
32338094
32338108
32343716
32343724
32343732
32343740
32343759
32348284
32348292
32348306
32352900
32357185
32362653
32362661
32366949
32366957
32373288
32378463
32383680
32383699
32383702
32394698
32394728
32399547
32399563
32404082
32404112
32404120
32409640
32409659
32415340
32426242
32436386
32436408
32436424
32436440
32436459
32442493
32448224
32448259
32448267
32453549
32463569
32463577
32468752
32468760
32468779
32468787
32468795
32468809
32474339
32474355
32479212
32481620
32490440
32496434
32496469
32496493
32502099
32502137
32507118
32509941
32517600
32517634
32517642
32523709
32523725
32523733
32528897
32528935
32528943
32531981
32538920
32543692
32543722
32549318
32549326
32554799
32554810
32559230
32564504
32564539
32569099
32569102
32569110
32569137
32569153
32573057
32573065
32573103
32573120
32580135
32580151
32590163
32590171
32590180
32590198
32590201
32590236
32595420
32595454
32595462
32595470
32601190
32601246
32606812
32606847
32606863
32606880
32606901
32606910
32611959
32611967
32616530
