23225479
23225533
23231187
23231195
23231209
23231217
23231250
23231276
23231284
23231292
23231314
23231330
23231357
23231365
23231390
23231403
23231411
23240576
23246030
23246072
23246102
23246145
23252279
23252287
23255941
23255968
23256009
23256025
23256033
23256084
23256092
23256106
23256130
23256165
23256173
23256220
23256254
23271742
23271777
23271793
23271807
23271815
23271823
23271831
23271858
23271874
23271882
23271890
23271912
23271920
23271939
23271980
23271998
23272012
23272039
23272047
23272055
23272071
23272101
23281770
23283038
23285349
23285381
23285390
23285411
23285438
23285462
23285470
23285489
23285519
23285527
23285535
23285543
23285551
23285578
23285594
23285608
23285616
23285632
23285640
23285659
23285667
23285675
23285691
23285705
23285713
23285730
23285748
23285756
23285772
23285799
23285802
23286409
23286425
23286441
23286450
23286484
23286492
23286506
23286530
23286557
23286565
23286573
23304629
23304637
23304785
23314789
23314819
23314827
23314843
23314878
23314894
23314908
23314932
23314940
23314959
23315431
23315458
23315466
23315520
23315539
23315555
23315571
23315598
23315610
23315628
23315636
23315644
23315660
23315687
23315695
23320144
23320152
23320160
23320187
23327215
23327231
23327266
23327282
23327290
23327312
23327347
23327371
23327401
23327444
23327452
23327460
23336949
23337855
23337863
23337871
23337880
23337898
23337910
23337944
23337960
23337979
23337987
23338028
23338044
23338052
23352529
23356199
23356334
23356342
23356377
23356407
23356415
23356423
23356431
23356458
23356466
23356474
23356490
23356512
23356520
23356539
23365464
23365472
23365499
23365510
23365537
23365553
23365642
23365650
23365685
23365693
23365707
23366982
23368410
23373726
23373750
23373777
23373785
23373793
23373807
23373840
23373858
23373866
23373882
23373890
23373904
23373939
23373947
23384571
23384580
23384601
23384610
23384636
23384652
23384687
23384717
23384733
23384741
23384776
23384792
23384814
23384830
23390158
23390166
23390310
23390514
23390522
23390530
23390549
23390557
23390565
23390573
23390590
23390603
23390611
23390638
23390662
23396100
23405070
23405097
23405143
23405178
23405194
23405224
23405232
23405240
23415163
23417024
23417040
23417059
23417067
23417075
23417105
23417113
23417121
23417164
23417180
23417202
23417237
23417245
23429673
23429711
23429720
23429762
23429975
23430074
23430163
23430171
23430180
23430210
23430252
23430287
23432490
23432504
23432563
23432598
23432636
23432644
23432652
23432660
23432709
23432750
23450853
23451450
23451468
23451492
23451506
23451549
23451557
23451573
23451581
23451603
23451620
23451638
23451646
23451654
23459887
23459925
23459941
23459968
23459984
23460008
23460016
23460024
23460040
23460059
23460067
23460075
23460083
23460105
23460121
23460130
23460156
23460270
23460296
23460318
23465005
23473474
23473482
23473504
23473555
23473563
23473571
23473598
23473601
23473610
23473628
23473636
23473660
23473695
23473709
23473717
23473725
23484325
23484333
23484350
23484376
23484384
23484392
23484414
23484490
23484503
23484538
23484546
23484554
23484562
23484589
23484600
23484619
23484627
23484651
23484660
23484686
23484694
23484708
23484724
23484732
23484740
23484783
23484791
23488297
23488319
23488327
23488343
23488351
23488360
23488386
23488416
23488440
23497660
23497678
23497716
23497724
23497740
23497759
23497775
23497783
23497791
23497805
23497821
23497830
23497856
23497880
23497899
23508610
23508688
23508696
23508700
23508718
23508734
23508742
23508750
23508785
23508823
23508858
23508866
23508874
23508882
23508912
23524250
23524268
23524276
23524284
23524292
23524314
23524330
23524349
23524365
23524381
23526536
23526617
23547059
23547067
23547075
23547105
23547121
23547130
23547156
23547164
23547172
23547180
23547210
23547245
23547288
23547296
23547300
23547318
23547326
23547334
23547350
23547385
23547415
23547423
23547431
23547458
23547466
23547482
23547504
23547520
23547539
23558406
23558430
23558465
23558481
23558570
23558619
23568876
23568892
23568965
23568973
23569022
23569030
23569057
23569081
23569090
23569103
23580039
23580047
23580071
23580080
23580098
23580101
23580110
23580128
23580144
23580152
23580160
23580179
23580195
23580209
23580276
23585680
23585745
23585753
23591321
23591348
23591356
23591364
23591372
23591380
23591402
23591410
23591437
23591453
23591470
23591488
23591518
23600276
23607983
23608008
23608016
23608040
23608059
23608083
23608091
23608121
23608130
23608148
23608172
23608180
23608199
23608210
23615153
23615161
23615200
23615226
23615234
23615242
23615250
23625874
23629515
23629531
23629540
23629574
23629582
23629604
23629612
23629663
23629671
23629701
23629710
23629728
23629736
23629744
23629779
23629825
23629833
23629841
23629850
23629868
23629876
23629930
23629949
23629957
23632537
23632642
23632669
23632677
23632685
23632766
23632812
23644191
23646346
23646583
23646591
23646605
23646621
23646630
23646656
23646664
23646672
23646680
23646699
23646710
23646770
23646796
23646800
23646818
23646834
23646842
23646850
23646885
23646893
23646907
23646915
23646931
23646974
23647007
23647015
23647023
23653793
23653807
23653815
23653866
23653874
23653890
23653904
23653912
23653963
23653980
23653998
23656269
23663061
23663088
23663100
23663118
23663142
23663185
23663215
23663266
23663274
23663312
23663320
23663347
23663363
23663380
23663401
23663428
23663479
23663495
23663509
23663517
23663525
23663533
23663541
23663550
23663860
23663878
23666610
23666637
23666645
23666653
23666661
23666670
23666688
23666696
23666769
23678720
23685132
23685159
23685183
23685213
23685221
23685248
23685752
23685760
23685779
23685787
23685833
23685841
23685876
23688090
23688104
23688139
23688163
23688171
23688180
23688198
23688201
23688244
23688260
23688279
23688287
23703239
23703263
23703280
23703310
23703328
23703336
23703352
23703360
23703395
23703417
23703433
23704960
23708554
23708597
23708635
23708651
23708660
23708678
23708686
23721243
23721251
23721316
23721340
23721383
23721391
23721413
23721430
23721448
23721456
23721464
23723449
23724398
23724401
23724436
23724444
23724460
23724487
23724495
23724584
23724614
23724649
23724657
23724665
23724673
23726062
23732102
23732110
23732153
23737053
23745439
23745447
23745455
23745510
23745595
23745617
23745633
23745650
23745676
23745684
23745692
23745706
23745781
23745790
23745820
23745854
23752673
23752894
23752916
23752924
23752932
23752967
23752983
23753008
23753024
23753059
23753113
23753121
23753130
23771977
23771985
23772000
23772077
23772085
23772093
23772107
23772123
23772174
23772271
23772280
23772301
23772360
23772417
23772425
23772433
23772441
23772492
23772506
23772514
23772549
23784497
23789532
23789540
23789567
23789575
23789583
23789591
23789605
23789613
23789672
23789699
23789710
23789770
23789788
23789796
23789800
23789818
23789826
23789842
23789869
23791630
23791656
23791672
23791699
23791710
23791729
23791761
23791770
23791796
23794490
23796130
23798352
23798360
23798395
23798492
23798506
23798514
23798522
23798530
23798565
23798573
23800088
23806854
23806862
23806897
23806919
23806935
23806951
23806978
23806986
23806994
23807027
23807035
23807051
23807060
23807086
23807094
23807116
23807124
23807140
23807159
23810286
23810790
23810804
23810812
23810820
23810839
23810847
23810863
23810871
23810898
23810901
23810910
23810936
23810944
23810960
23816815
23816823
23816858
23816874
23816890
23816939
23816947
23816971
23816980
23816998
23823510
23830720
23830739
23830747
23830780
23830798
23830836
23830844
23830887
23830895
23830917
23830925
23830933
23830950
23830984
23831009
23831068
23834102
23844955
23845004
23845012
