3613832
3642447
3656949
3657030
3657138
3657251
3657278
3657391
3657413
3657472
3657499
3657588
3684558
3684728
3684787
3684817
3684914
3685065
3685081
3685227
3685316
3688835
3745400
3745493
3745540
3745604
3745655
3745698
3745701
3745710
3764215
3764240
3764479
3764681
3764860
3764967
3765024
3765059
3765113
3765130
3765164
3765199
3765369
3801526
3801569
3801585
3801674
3801755
3801763
3801801
3818331
3818358
3818536
3826920
3826962
3826989
3826997
3827020
3827054
3827186
3827194
3827267
3827275
3827372
3827380
3827518
3827526
3827615
3827755
3827763
3827801
3827887
3841857
3842097
3844152
3844179
3844187
3844225
3844233
3844250
3844284
3844306
3844322
3844420
3844667
3863685
3863731
3879398
3879487
3879592
3879606
3879622
3879630
3906654
3906700
3906760
3906832
3906980
3907056
3907145
3907293
3907382
3907390
3920713
3920730
3920861
3920900
3920993
3921000
3921018
3921034
3921123
3921220
3921239
3921247
3921280
3924685
3924740
3924758
3945297
3945300
3945459
3947328
3969423
3987039
3987063
3987110
3987179
3987195
3987209
3987250
3993251
3993286
3993332
3993340
3993464
3993472
3993618
3993634
3993669
3993693
4015772
4015802
4015810
4015853
4015918
4015950
4015993
4016034
4016050
4016085
4016115
4016255
4016298
4045048
4045315
4045340
4045374
4045390
4045404
4063710
4063931
4063940
4064023
4064031
4064228
4103890
4104004
4104080
4104101
4104110
4104128
4104233
4104276
4104284
4114466
4114580
4114768
4114784
4114989
4114997
4127520
4145900
4146310
4146352
4146387
4146638
4147099
4147285
4152125
4167371
4167380
4167401
4167410
4167428
4167827
4170261
4215487
4215568
4215592
4215649
4215657
4215690
4215720
4215886
4215894
4215924
4215991
4216024
4216040
4216105
4216156
4216202
4216245
4216288
4216431
4216466
4216504
4237183
4237191
4237205
4237221
4237299
4237353
4237396
4237400
4237418
4237442
4249366
4288497
4289255
4289352
4289409
4289530
4289565
4289670
4289689
4306038
4306046
4306100
4306240
4306330
4306372
4317100
4340889
4341035
4341078
4341094
4341540
4341582
4341620
4341639
4341698
4354671
4354825
4379021
4379080
4379145
4379153
4379188
4379285
4379315
4379340
4379358
4379382
4379412
4411440
4411505
4411564
4411700
4442625
4442633
4442684
4442692
4442749
4442790
4442838
4442919
4442943
4442978
4442986
4443019
4443035
4443060
4443078
4443116
4496250
4496269
4496293
4496307
4496510
4496668
4496722
4496730
4496927
4496994
4497000
4497035
4497086
4497094
4505294
4525020
4525143
4525984
4526106
4526300
4526327
4537598
4554505
4554599
4554718
4555004
4555071
4555152
4555276
4555349
4555543
4582041
4582076
4582106
4582203
4582297
4582343
4582378
4582432
4616977
4617000
4617107
4617212
4617301
4617328
4617352
4617549
4617620
4617646
4635960
4635995
4636028
4636060
4636095
4636141
4636303
4636370
4636400
4636435
4660778
4660794
4660808
4660816
4660956
4661137
4661200
4661218
4661498
4688841
4688868
4688949
4689081
4689120
4689138
4689472
4722560
4723230
4723272
4723370
4723388
4723507
4724286
4724294
4724308
4736086
4736159
4736221
4736230
4736361
4736396
4744020
4744038
4744089
4744097
4744283
4744321
4744402
4744461
4750382
4750412
4750420
4750625
4750676
4750757
4777965
4777981
4778057
4778065
4778090
4778120
4778138
4778162
4778189
4778197
4778359
4778383
4778391
4778448
4778928
4778944
4778960
4791471
4791510
4791544
4791552
4791692
4791838
4815236
4815244
4815252
4815287
4815309
4815392
4815406
4815449
4815538
4815562
4834963
4834971
4834980
4835101
4835314
4844436
4844495
4844541
4844550
4844576
4844606
4844614
4844673
4844703
4844754
4844886
4844940
4868630
4868699
4868761
4868800
4868850
4868893
4868982
4869058
4869180
4869260
4869295
4869376
4869384
4889659
4889829
4889870
4889918
4889926
4890068
4890130
4906660
4906849
4906881
4906903
4907011
4907038
4907054
4907089
4907119
4924128
4924195
4924209
4924241
4924276
4924438
4924454
4924470
4924500
4924543
4924659
4924713
4930910
4930995
4931125
4931184
4953573
4953581
4953654
4953719
4953751
4953808
4953816
4959827
4959959
4960309
4960325
4984588
4984596
4984650
4984758
4984774
4984782
4984790
4984820
4984901
4985117
4985184
4985206
5013796
5013869
5013877
5013923
5013966
5014031
5014058
5014074
5014171
5022263
5022298
5022336
5022565
5022573
5022603
5022670
5022832
5022883
5022905
5027112
5033890
5033912
5033963
5033980
5034039
5034047
5034284
5034306
5034594
5034632
5058852
5058860
5058887
5058917
5059017
5059173
5059246
5059297
5059882
5059890
5059904
5078256
5078299
5078442
5078531
5078566
5078590
5078604
5078620
5078647
5078680
5078744
5079227
5086941
5105750
5105830
5105849
5105873
5105946
5106054
5106186
5106208
5106216
5106283
5106330
5106372
5120806
5121011
5121062
5121097
5121119
5121143
5121186
5121208
5121283
5121305
5121461
5129805
5129910
5130095
5130117
5149160
5149233
5149250
5149276
5149306
5149381
5149411
5149470
5149543
5149632
5149918
5149934
5150009
5164543
5164560
5164586
5164624
5164721
5164780
5164845
5164870
5164888
5164896
5164942
5164950
5178670
5178697
5178727
5178867
5178913
5178999
5179021
5179064
5201170
5201196
5201269
5201404
5201455
5201471
5201498
5201544
5201617
5201625
5201641
5201650
5201668
5201730
5201749
5201803
5201820
5201897
5201900
5201927
5201986
5202035
5205554
5227064
5227072
5227102
5227145
5227226
5227234
5227285
5227293
5227307
5227390
5227471
5227536
5227560
5227617
5227668
5272243
5272510
5272626
5272677
5272731
5272952
5272960
5273001
5273036
5273923
5284043
5303170
5303447
5303498
5303501
5303560
5303650
5303803
5303889
5303919
5303994
5306168
5337300
5337350
5337555
5337636
5337644
5337660
5337849
5337857
5337911
5337954
5337962
5360256
5360329
5360353
5360426
5360485
5360493
5360590
5360620
5360639
5360752
5360779
5360809
5360833
5360884
5381011
5398510
5398536
5398560
5398579
5398609
5398625
5398781
5398820
5398854
5398951
5398986
5399019
5399027
5399035
5399086
5399124
5399221
5399337
5412959
5422707
5422766
5422774
5422812
5422871
5422952
5423044
5423079
5423150
5423265
5423290
5423400
5435383
5435448
5435472
5435529
5435545
5435588
5435650
5435707
5435715
5451184
5451206
5451273
5451338
5451389
5451435
5451478
5473719
5473735
5473743
5473794
5473824
5473875
5479193
5479240
5479258
5479282
5479290
5479401
5479428
5479460
5506840
5506883
5506948
5506956
5507030
5527894
5527908
5527924
5527975
5528008
5528148
5528210
5528237
5547930
5547948
5548099
5548129
5548170
5561888
5561969
5561977
5561993
5562050
5566826
5566877
5566907
5566923
5567066
5567082
5567104
5583711
5593120
5593197
5593260
5593286
5593308
5593510
5593588
5593650
5593677
5612370
5612450
5612469
5612477
5612728
5612760
5612779
5612787
5625868
5626120
5626138
5626146
5626189
5626251
5626308
5626570
5646275
5646283
5646348
5646380
5646542
5646569
5646577
5646607
5646658
5646739
5646771
5646836
5646895
5679221
5679272
5679434
5697279
5697376
5697457
5697481
