66498
70774
199001
199010
199028
199044
199052
199109
199133
199141
199150
199176
199184
199192
199206
199214
199222
199230
199249
199281
199427
199508
199532
199605
199648
199699
199729
199745
199753
199761
199770
199800
199907
199923
199931
199940
199958
200076
200084
200181
200203
200220
200289
200300
200360
200378
200394
200513
200580
200653
200700
200726
200777
200807
200882
200947
201020
201098
201128
201136
201217
201250
201357
201373
201403
201411
201454
201470
201527
201535
201578
201586
201594
201608
201659
201691
201705
201713
201721
201730
201764
201772
201829
201861
201870
201888
201900
201918
201926
201934
201942
201950
202026
202093
202123
202131
202140
202220
202247
202271
202280
202344
202352
202379
202468
202549
202689
202786
202794
202816
202824
202875
202930
202956
202980
203005
203021
203030
203048
203099
203110
203161
203269
203293
203307
203358
203501
203536
203927
203960
204000
204086
204159
204191
204213
204256
204272
204299
204329
204396
204400
204426
204450
204469
204620
204736
204744
204752
204779
204817
204841
204868
204884
204906
204930
204949
204981
205006
205049
205103
205146
205251
205260
205278
205286
205294
205340
205375
205499
205529
205693
205740
205782
205863
205952
205960
206117
206141
206214
206222
206281
206338
206354
206400
206516
206524
206613
206656
206753
206761
207007
207139
207171
207198
207210
207236
207317
207422
207449
207520
207538
207562
207597
207651
207716
207732
207856
207902
207929
207961
208029
208150
208185
208223
208240
208282
208320
208371
208576
208592
208606
208614
208649
208703
208720
208738
209024
209040
209121
209253
209288
209296
209300
209393
209440
209466
209555
209563
209580
209601
209679
209695
209725
209784
209814
209822
209920
209946
209954
209962
209989
210037
210061
210126
210150
210231
210266
210274
210355
210363
210428
210436
210460
210487
210495
210509
210606
210614
210622
210673
210754
210827
210835
210878
210991
211067
211083
211105
211172
211202
211270
211300
211369
211393
211423
211490
211520
211547
211571
211628
211695
211741
211857
211865
211903
211911
211920
211954
211970
212038
212089
212097
212143
212151
212216
212232
212283
212305
212348
212364
212429
212488
212526
212542
212666
212704
212747
212755
212810
212828
212879
212933
212950
212984
213068
213076
213149
213220
213270
213289
213360
213408
213416
213475
213505
213599
213629
213661
213696
213718
213726
213785
213874
213904
213939
214071
214160
214195
214225
214306
214314
214330
214403
214470
214500
214527
214543
214578
214594
214659
214845
214900
214942
214950
214985
215026
215131
215158
215310
215425
215433
215522
215611
215689
215743
215778
215816
215859
215913
215999
216080
216170
216234
216293
216382
216412
216447
216455
216480
216501
216510
216536
216544
216560
216633
216641
216781
216889
216897
216986
216994
217000
217035
217060
217086
217108
217124
217175
217221
217256
217302
217353
217485
217493
217523
217531
217639
217698
217701
217728
217787
217868
217876
217957
218197
218286
218308
218375
218430
218472
218510
218596
218731
218847
218855
218898
218936
219036
219087
219109
219230
219303
219311
219320
219362
219427
219478
219524
219532
219648
219729
219737
219753
219842
219869
219877
219923
220014
220030
220049
220170
220197
220235
220260
220278
220294
220308
220421
220456
220480
220600
220677
220812
220820
220839
221036
221044
221230
221303
221362
221486
221494
221591
221613
221630
221761
221966
221974
221982
222082
222147
222309
222325
222333
222341
222368
222376
222465
222503
222570
222597
222635
222694
222716
222740
222910
223037
223088
223274
223312
223380
223452
223673
223690
223878
223916
223975
223991
224075
224229
224253
224369
224407
224458
224482
224687
224709
224776
224806
224865
224890
224970
225062
225070
225089
225127
225267
225283
225402
225526
225542
225550
225615
225623
225658
225704
225747
225763
225860
225925
225984
226122
226203
226220
226300
226351
226378
226386
226513
226742
226750
226831
226874
227136
227152
227187
227454
227462
227489
227560
227578
227608
227624
227713
227730
227810
227896
227926
227950
227969
228050
228077
228298
228352
228409
228514
228573
228620
228654
228670
228689
228964
229013
229064
229110
229250
229269
229277
229293
229307
229331
229366
229595
229617
229625
229641
229722
229730
229838
229870
229919
230018
230026
230034
230042
230123
230310
230336
230379
230425
230433
230450
230476
230689
230700
230743
230760
230794
230808
230832
230859
230921
230972
231030
231072
231145
231234
231285
231323
231374
231382
231455
231501
231528
231579
231650
231749
231951
231960
231978
232027
232043
232132
232221
232302
232337
232353
232400
232418
232469
232612
232639
232698
232736
232744
232760
232809
232833
232930
232949
232981
233057
233065
233081
233154
233219
233243
233278
233286
233308
233324
233340
233367
233383
233405
233421
233693
233715
233782
233898
234028
234044
234222
234338
234486
234559
234613
234621
234630
234710
234737
234745
234761
234800
235007
235040
235120
235147
235163
235228
235236
235317
235325
235384
235430
235457
235562
235708
235945
235970
236010
236142
236150
236215
236266
236320
236380
236398
236533
236541
236665
236754
236932
237016
237083
237148
237164
237350
237369
237466
237504
237660
237695
237717
237830
237946
238089
238119
238186
238194
238275
238364
238453
238526
238550
238623
238640
238780
238798
239009
239025
239173
239190
239220
239246
239327
239351
239408
239432
239491
239548
239670
239874
239882
239920
239947
240003
240119
240127
240259
240283
240372
240410
240500
240534
240585
240615
240747
240798
240810
240836
240879
240925
240933
240992
241050
241106
241238
241297
241386
241394
241408
241483
241572
241610
241661
241939
241998
242098
242128
242152
242187
242390
242403
242438
242519
242527
242551
242578
242675
242705
242772
242810
242896
242900
242926
243000
243093
243158
243476
243484
243514
243549
243662
243670
243735
243743
243956
244013
244048
244080
244161
244242
244250
244358
