6957130
6973860
6973925
6974050
6974114
6974173
6974211
6974270
6974408
6974700
6974912
6975047
6975055
6975063
6975128
6975152
6975179
6975187
6987475
6987483
6987548
6987580
7014062
7014100
7014135
7014143
7017972
7018005
7018056
7018064
7018080
7018170
7018471
7026210
7027070
7027135
7027160
7027186
7027313
7027410
7027470
7035758
7035901
7035979
7055330
7055380
7055399
7055410
7055518
7068224
7068232
7068275
7068283
7068305
7068402
7074404
7074633
7089081
7089090
7089375
7096275
7096283
7096291
7096356
7096380
7096437
7096453
7096470
7096500
7096534
7096542
7111812
7111901
7111928
7111944
7111979
7112257
7133101
7133349
7133390
7144062
7144291
7144372
7144402
7144429
7144470
7144500
7164850
7164906
7164922
7164930
7164949
7164957
7165006
7165049
7165057
7165090
7165103
7165120
7170088
7170207
7170711
7175590
7180146
7180189
7180286
7180367
7180375
7190646
7190700
7190727
7190751
7190921
7211668
7211676
7211773
7211838
7211862
7211870
7211960
7211986
7211994
7212094
7212205
7212230
7212256
7212264
7228317
7246925
7246941
7246992
7247289
7247319
7247351
7247440
7247467
7247513
7247645
7247653
7260326
7260407
7271287
7284139
7284260
7301256
7301272
7301310
7301337
7301370
7301531
7301566
7301620
7309640
7309659
7309683
7309853
7309861
7309934
7309942
7319270
7319431
7330235
7330332
7330340
7346754
7346789
7346843
7346916
7346959
7359142
7359177
7359266
7359274
7359355
7359410
7359452
7359460
7359568
7371200
7371367
7371391
7371553
7371561
7371596
7371600
7391739
7391860
7414263
7420044
7423911
7423946
7423989
7424119
7424160
7434708
7434775
7434783
7443960
7444051
7444116
7444140
7476789
7476878
7476886
7476894
7476940
7477008
7477121
7477156
7477237
7477288
7477369
7477385
7477407
7477423
7477431
7477490
7477547
7484846
7484862
7484897
7484943
7484994
7485027
7488953
7488988
7489002
7489061
7489096
7489126
7500585
7500976
7501335
7506812
7506898
7506960
7507087
7507176
7507206
7507222
7507311
7507370
7528446
7528489
7528594
7528667
7528683
7528705
7532706
7532749
7538628
7538636
7538644
7538660
7538709
7538725
7538830
7538857
7538873
7538903
7538911
7560021
7560099
7560170
7560218
7576729
7576885
7576982
7589800
7589877
7589931
7589958
7589990
7593606
7593703
7593789
7602992
7603017
7603041
7607078
7607086
7607094
7607124
7607132
7607183
7610286
7615615
7615747
7615828
7615844
7627326
7627369
7627407
7627415
7633875
7636634
7637516
7638228
7638244
7638260
7638317
7638430
7644270
7644300
7644319
7644408
7646581
7646620
7649529
7649570
7649642
7649677
7653937
7653953
7656127
7656151
7664219
7664260
7664332
7669615
7685270
7685300
7685459
7685475
7685521
7685564
7685572
7685580
7685602
7685610
7698475
7714414
7714473
7714481
7714490
7714538
7714635
7714651
7718084
7718106
7718190
7718300
7727732
7727821
7727872
7733653
7733661
7733750
7733815
7745470
7762519
7762551
7762586
7762594
7762624
7762632
7762691
7763263
7764072
7777684
7777803
7777870
7790306
7790330
7790349
7790365
7790373
7790420
7796422
7796457
7796481
7804517
7804525
7804584
7804649
7804711
7807998
7811670
7811727
7811743
7811794
7811816
7816848
7816880
7816910
7830729
7834313
7834429
7834445
7845908
7845991
7846091
7846130
7849160
7849233
7849314
7849349
7849411
7856788
7861997
7862011
7862119
7862160
7874385
7874415
7874440
7874466
7874490
7874520
7874563
7874580
7874628
7874636
7877985
7880980
7884087
7884125
7884133
7887156
7887180
7887636
7891300
7893425
7896472
7896499
7896537
7896561
7896693
7896715
7896774
7900123
7914226
7914234
7914269
7914285
7914382
7929480
7929510
7929596
7929634
7933929
7933937
7939700
7945893
7945907
7945931
7945940
7946040
7946082
7946104
7946171
7946236
7953098
7958958
7959082
7959163
7964470
7964542
7964577
7964623
7977534
7978513
7978700
7978912
7982662
7982670
7982689
7982697
7982743
7982824
7983250
7983285
7983315
7983536
7990703
7997906
7997922
7998057
7998154
8008859
8008867
8008875
8008913
8008930
8012817
8012914
8013049
8027605
8027699
8029240
8030163
8030228
8030279
8030341
8030368
8032342
8035861
8035896
8035918
8039707
8039766
8039782
8039839
8039928
8054308
8054332
8054359
8058563
8058679
8065242
8065277
8065285
8065331
8067693
8067715
8074488
8074739
8074771
8075238
8075246
8075335
8088394
8090769
8090785
8110440
8110491
8110505
8110564
8110599
8110696
8110726
8110815
8110823
8110866
8122224
8122275
8122356
8122380
8132350
8132538
8132546
8132597
8132600
8132619
8132716
8133126
8136777
8136939
8136955
8141498
8146606
8146967
8155248
8155272
8155337
8155345
8155370
8155434
8155450
8155469
8164475
8164491
8164505
8164530
8164599
8164769
8174398
8174428
8174495
8174509
8174533
8175687
8175709
8191267
8191445
8202692
8202714
8212343
8212408
8212513
8212548
8217693
8217740
8217758
8224410
8224534
8224550
8224569
8224577
8231230
8231337
8242379
8242417
8242433
8242506
8242522
8262007
8262023
8262074
8262139
8262147
8262163
8262198
8262228
8262236
8262589
8262597
8262600
8262694
8266513
8278640
8278739
8278798
8291320
8293682
8293747
8293771
8305868
8305876
8305906
8305957
8306049
8306057
8306111
8306120
8306154
8306200
8306260
8306308
8306375
8306480
8306510
8316417
8316425
8316620
8316719
8316760
8317129
8329425
8329476
8343683
8343705
8343713
8343721
8343799
8343802
8343829
8343870
8343888
8346485
8351287
8351317
8351341
8363885
8367640
8367674
8367763
8367810
8367844
8367852
8367909
8367941
8368017
8375626
8375707
8385158
8385212
8385255
8385328
8385379
8385395
8385409
8385433
8388766
8394571
8394695
8399692
8426630
8426649
8426703
8426754
8426940
8434374
8441177
8441185
8441193
8441207
8441215
8441231
8441274
8444939
8446735
8446751
8446760
8451766
8456054
8462684
8462722
8472386
8472394
8472408
8472432
8472440
8472475
8472483
8472491
8472530
8472548
8474751
8486144
8486152
8490781
8492049
8492065
8508129
8508188
8511302
8511353
8511400
8523390
8523412
8523501
8523510
8523528
8523579
8523595
8523919
8532690
8532704
8537256
8540332
8540430
8540456
8540502
8550689
8550700
8550751
8550816
8560283
8568279
8568317
8573917
8574068
8574092
8574106
8574149
8578248
8578302
8578329
8578337
8578353
8578396
8583740
8583791
8583805
8587238
8587270
8590020
8594707
8594740
8594782
8594812
8594820
8594839
8594855
8594936
8599100
8599267
8599305
8599321
8599356
8604304
8617606
8617622
8617681
8617819
8620890
8620903
8632029
8632088
8635130
8640749
8646423
8646482
8646490
8646512
8651500
8651527
8651543
8651551
8655820
8655847
8658029
8665697
8668405
8668448
8670472
8675194
8675208
8680948
8680980
8683898
8683901
8690941
8690968
8690992
8694749
8694781
8694790
8694870
8698147
8698155
8709122
8709165
8712870
8718422
8718430
8720406
8720414
8720449
8720457
8726611
8726654
8726697
8728760
8728825
8728833
8733996
8734037
8734258
8738942
8739000
8751488
8756183
8757987
8762142
8762150
8762193
8762231
8765815
8771116
8780602
8781969
8781993
8782000
