30032179
30032195
30032209
30032217
30032225
30032233
30032241
30032250
30032268
30032276
30032284
30033794
30033808
30033816
30033824
30042687
30042695
30042733
30042741
30042750
30042768
30042776
30042784
30042792
30042806
30042814
30042830
30042849
30042857
30042873
30049235
30049243
30049260
30049278
30049324
30049332
30049359
30049367
30049383
30049391
30054444
30054509
30054533
30056534
30056542
30056550
30056569
30056585
30056593
30056607
30056615
30056623
30064669
30064677
30064685
30064707
30064715
30064731
30064740
30064766
30064790
30064804
30064820
30071941
30071984
30071992
30072025
30072033
30072041
30072050
30072122
30072130
30072149
30072157
30077430
30077723
30077740
30077766
30077782
30077790
30077812
30077839
30077847
30077855
30077863
30077871
30077880
30077901
30077928
30077936
30077944
30081767
30081775
30081783
30081791
30081813
30081821
30081830
30081848
30081856
30081880
30081899
30085955
30089507
30089515
30089523
30089531
30089540
30089558
30089566
30089574
30089582
30089590
30089604
30089612
30089620
30089639
30089655
30089671
30090641
30094201
30094228
30094244
30094333
30096962
30100001
30100052
30100087
30106500
30106519
30106535
30106543
30106551
30112847
30112863
30117828
30117852
30117860
30117879
30117887
30117909
30117917
30117933
30123129
30123137
30123188
30123196
30123218
30123234
30123242
30130118
30130126
30130169
30130207
30130231
30140545
30140600
30140626
30140650
30140685
30140693
30140723
30140731
30140740
30140766
30141796
30149463
30149501
30149510
30149528
30149536
30155988
30156010
30156037
30160054
30160062
30164811
30164820
30164854
30164900
30170279
30170287
30170317
30170341
30170368
30170392
30170406
30175896
30175926
30175950
30175969
30175985
30182613
30182656
30182699
30182710
30182737
30182745
30182770
30188926
30188934
30188950
30188969
30190012
30194170
30194189
30196201
30196210
30196228
30196279
30196325
30199909
30200574
30200590
30200639
30200698
30200728
30207726
30207742
30207750
30207777
30207793
30207807
30207823
30214308
30214324
30214332
30214359
30214375
30214383
30214391
30214413
30215206
30215230
30219984
30220016
30220024
30220059
30220067
30220083
30220091
30220113
30220121
30220130
30220571
30220580
30220601
30220610
30220628
30220636
30225250
30225277
30225293
30225307
30225374
30225382
30225420
30226540
30226558
30231465
30231481
30231490
30233334
30237913
30237930
30238064
30238110
30239221
30239230
30239256
30239264
30239272
30239280
30243761
30243788
30243818
30243826
30243877
30243885
30250432
30250459
30250467
30250483
30250505
30250530
30250556
30250572
30250580
30255596
30255600
30255634
30255650
30255669
30255677
30255685
30255707
30261709
30261717
30261725
30261784
30267086
30267140
30267205
30267213
30268944
30268960
30273100
30277926
30277969
30277977
30278000
30278042
30278050
30278077
30278093
30284176
30284214
30284222
30284249
30284257
30284273
30284567
30290453
30290461
30290470
30290488
30290496
30290500
30290526
30290534
30290550
30290569
30290577
30290585
30297222
30297290
30297311
30297320
30297338
30297346
30297362
30297389
30297400
30302167
30302175
30302183
30302191
30302205
30302213
30302221
30302230
30302256
30302264
30302280
30302299
30302302
30302310
30306312
30306320
30306347
30306355
30306371
30310950
30310968
30310976
30311009
30311076
30311084
30311092
30311114
30311122
30318600
30318660
30318678
30318694
30318724
30323224
30323259
30323267
30323283
30323291
30328973
30328981
30328990
30329014
30329030
30329049
30329057
30329073
30333520
30333538
30333562
30333600
30340845
30340888
30340896
30340918
30340926
30340950
30340969
30340977
30341018
30341077
30344898
30344901
30346198
30346201
30346210
30346228
30346236
30346244
30346279
30346287
30346295
30346996
30349933
30350040
30350067
30350075
30354069
30354085
30354638
30354654
30354662
30354670
30354719
30357529
30357537
30361333
30361350
30361384
30361406
30365742
30365777
30365807
30365840
30365858
30365882
30365904
30365920
30370811
30370820
30370838
30370889
30370897
30376105
30376121
30376130
30376148
30376172
30376180
30376199
30376202
30376229
30383102
30383110
30383129
30383145
30388371
30388380
30388398
30388410
30388428
30388436
30388444
30388460
30388487
30388495
30392330
30392372
30393521
30393548
30393556
30393564
30393572
30393580
30393599
30398723
30400726
30400734
30400742
30400777
30400807
30400815
30400823
30400831
30401217
30404051
30404060
30404159
30405030
30408177
30408185
30408207
30409946
30409954
30409962
30409970
30414110
30414128
30414136
30414594
30414616
30414624
30419800
30419826
30419834
30419850
30419869
30421729
30421745
30421753
30425127
30425135
30425143
30425429
30425437
30425453
30425569
30429463
30429480
30429498
30429536
30429544
30430808
30435023
30435058
30435066
30435082
30435104
30435112
30435120
30435147
30439548
30439556
30439564
30439572
30439599
30439602
30439610
30439629
30439637
30440011
30440755
30447060
30447079
30447095
30447117
30447125
30447133
30447958
30450562
30450589
30450597
30450600
30450619
30450627
30455969
30455977
30455985
30455993
30456018
30456026
30456034
30456069
30456077
30456107
30456123
30456131
30456140
30456158
30456166
30459049
30459057
30459073
30459081
30459090
30459120
30460388
30460418
30460434
30460442
30464630
30464649
30464657
30464681
30464690
30464762
30470721
30470730
30470756
30470764
30470772
30470780
30470799
30470802
30470829
30470845
30477703
30477711
30477720
30477738
30477754
30477762
30477797
30477800
30484298
30484328
30484336
30484433
30484441
30487790
30487804
30487820
30487863
30487901
30487910
30487936
30487944
30488583
30489503
30489511
30489520
30489538
30489554
30489570
30489589
30492363
30492371
30492398
30492401
30492428
30498811
30498846
30498854
30498862
30498870
30498897
30500326
30500350
30505820
30505870
30505900
30505919
30505960
30506000
30506027
30506108
30511589
30511597
30511600
30511635
30511643
30513490
30513504
30513512
30513520
30513547
30513555
30513563
30517069
30517093
30517212
30517220
30521051
30521078
30521272
30521280
30521299
30521302
30527194
30527216
30527224
30527259
30528050
30528068
30534663
30534680
30534698
30534701
30534710
30534728
30534760
30534787
30534795
30534809
30534833
30534841
30539830
30539849
30539857
30539865
30539890
30539903
30539920
30539989
30539997
30540193
30544918
30544942
30544950
30545492
30546234
30546242
30546285
30546323
30546366
30546390
30550413
30550421
30550448
30550472
30550570
30553908
30553916
30553932
30553940
30553975
30553991
30554008
30555844
30555852
30555941
30556904
30559480
30559498
30559501
30559528
30565902
30565910
30565937
30565945
30565953
30565996
30566002
30566010
30566029
30566037
30567768
30567776
30570259
30570305
30570313
30570321
30572047
30575779
30575914
30575922
30575930
30576138
30577613
30580511
30580520
30580538
30580546
30581282
30581290
30581304
30581312
30581320
30581339
30587676
30587692
30587706
30587714
30587722
30587730
30587765
30587773
30590620
30590647
30590655
30591898
30591901
30591910
30591928
30591944
30591952
30591960
30591979
30596682
30596690
30596704
30596712
30596720
30596739
30596747
30603240
30603259
30603267
30603275
30603283
30603305
30603321
30603372
30603402
30603410
30608256
30608264
30609138
30609154
30609170
30611448
30611456
30613678
30618292
30618314
30618322
30618330
30620012
30620071
30620101
30620144
30620152
30620179
30622552
30622560
30622587
30623795
30623876
30623914
30627290
30627320
30627339
30627355
30627371
30629119
30629127
30629135
30629143
30629151
30629160
30630130
30632661
30632688
30632696
30632700
30632718
30632734
30632742
30632750
30635129
30635137
30635145
30635161
