29363152
29363160
29363179
29363187
29369449
29369457
29369465
29369473
29369511
29369520
29369538
29369554
29369562
29369570
29369899
29374364
29374372
29374380
29374399
29374402
29374429
29381965
29381973
29381981
29381990
29382006
29382014
29382022
29382030
29382057
29382065
29382081
29382090
29382120
29382138
29382146
29388246
29388262
29388270
29388289
29388300
29388319
29388327
29388343
29389527
29392743
29392751
29392760
29392778
29392794
29392808
29392816
29392824
29392840
29392859
29396907
29396915
29396923
29396931
29396940
29396958
29396966
29396974
29403664
29403672
29403702
29403710
29403737
29403745
29403753
29403770
29403788
29403796
29403800
29408955
29408963
29408980
29408998
29409012
29409020
29409047
29409055
29415570
29415600
29415618
29415626
29415642
29415650
29415685
29416915
29416966
29420100
29420118
29420134
29420142
29420150
29423335
29423343
29423360
29423378
29423386
29423394
29423408
29423416
29423424
29423432
29429834
29429842
29429850
29429885
29429915
29429923
29429931
29429958
29434369
29434377
29434385
29434407
29434415
29434440
29434458
29434474
29437152
29439862
29439870
29444150
29444168
29444184
29444214
29444222
29444230
29444257
29444265
29444273
29444281
29448674
29448682
29448704
29448712
29454900
29455353
29455370
29455388
29455400
29455418
29455426
29455434
29455450
29461029
29461037
29461045
29461053
29461061
29461070
29461088
29461096
29461100
29461118
29461126
29461134
29465586
29465608
29465616
29465624
29465683
29465705
29465713
29465730
29471650
29471669
29471677
29471685
29471693
29471707
29471715
29471723
29471731
29475490
29475504
29475512
29475520
29475539
29475555
29475563
29475571
29475580
29475598
29477076
29481441
29481450
29481468
29481492
29481506
29481514
29481522
29481549
29481557
29481565
29486570
29486597
29486600
29486619
29486627
29486635
29486643
29486651
29486660
29486678
29486686
29491623
29491640
29491658
29491666
29491682
29491690
29491704
29491712
29491720
29491755
29495811
29495854
29495862
29495870
29497774
29497782
29497790
29497804
29497820
29501352
29501360
29501379
29502137
29502145
29502161
29502170
29502188
29502196
29504146
29504154
29504170
29504200
29509950
29509976
29510008
29510024
29513640
29513659
29513667
29513675
29513691
29517790
29517812
29517820
29517855
29522053
29527204
29527212
29527239
29527646
29532057
29532073
29532081
29532103
29532111
29532120
29532138
29532146
29532154
29532162
29538165
29538173
29538203
29538220
29538238
29542387
29542395
29548061
29548100
29548118
29548126
29548134
29548142
29549466
29553459
29553467
29553483
29553505
29553513
29553530
29553548
29553564
29553580
29553599
29557140
29558413
29558430
29558448
29558480
29558499
29566114
29566122
29566130
29566149
29566157
29566165
29566173
29566181
29566190
29566203
29566211
29566220
29566246
29566254
29571048
29573197
29573200
29573235
29573243
29573251
29575570
29579254
29579262
29579270
29579289
29579297
29579300
29579319
29579327
29579335
29579343
29589339
29589347
29589355
29589371
29589380
29589398
29589401
29589428
29589452
29589479
29589487
29589495
29589509
29589517
29595640
29595764
29595780
29595799
29595829
29595845
29595853
29595861
29595870
29595888
29595942
29595950
29595969
29595977
29600704
29600712
29612628
29612636
29612644
29612687
29612695
29612725
29612733
29612741
29612750
29612776
29612784
29624398
29636643
29638083
29638091
29638105
29638121
29638130
29638148
29638164
29638172
29638180
29638199
29638202
29638229
29638253
29638261
29638270
29638300
29638431
29648141
29648150
29648168
29648176
29648184
29648192
29648214
29648230
29648249
29648273
29648281
29648290
29656950
29666695
29666709
29666725
29666733
29666741
29666750
29666776
29666784
29666792
29666806
29666814
29666822
29667488
29687035
29687043
29687060
29687078
29697764
29697772
29697780
29697802
29697829
29697837
29697845
29697853
29697861
29697888
29697896
29697900
29705719
29705727
29705735
29705743
29705751
29705760
29705794
29705808
29705824
29705832
29705840
29705859
29705867
29705875
29705883
29705891
29722418
29722426
29722450
29722469
29722477
29722485
29722507
29722515
29722523
29722540
29722558
29722566
29722582
29722604
29724788
29738384
29738392
29738414
29738422
29738430
29738449
29738457
29738465
29738473
29738503
29738511
29751618
29751626
29751634
29751642
29751650
29751677
29751685
29751693
29751715
29751731
29751740
29755733
29755741
29755768
29755784
29766295
29766317
29766325
29766341
29766350
29766368
29766376
29766392
29766406
29766414
29766422
29766449
29773330
29773349
29773365
29774980
29774999
29775005
29775021
29775030
29775056
29790340
29791850
29791892
29791906
29791922
29791930
29791965
29791973
29791981
29795193
29795207
29795223
29808390
29808412
29808420
29808447
29808455
29808463
29808471
29808498
29808528
29811876
29811884
29811906
29811922
29811930
29811957
29811965
29811981
29811990
29812006
29812014
29812022
29813435
29813443
29813451
29813613
29819250
29819268
29819276
29819306
29819322
29826940
29827309
29827317
29827333
29827341
29829318
29829334
29829393
29829407
29829415
29829423
29829431
29829440
29829458
29829466
29829474
29834608
29834640
29834683
29834721
29837353
29837370
29837388
29837396
29837400
29837418
29837426
29837434
29837442
29837477
29837485
29843851
29843860
29843878
29843886
29843894
29843916
29843932
29847080
29847098
29847101
29847136
29847160
29847195
29847209
29847217
29847225
29847250
29847268
29852370
29852396
29852400
29852426
29852434
29852450
29852493
29852507
29852515
29852523
29852540
29852574
29852590
29852612
29852655
29852663
29860151
29860160
29860178
29860186
29860194
29860216
29860224
29860232
29860240
29860259
29860267
29861181
29861190
29861203
29864692
29864706
29864714
29864722
29864730
29864749
29864765
29865728
29865744
29865760
29865787
29866847
29866855
29866863
29866880
29866898
29866901
29866910
29866928
29874289
29874297
29874319
29874343
29875950
29882222
29882230
29882257
29882281
29882290
29882311
29882320
29884193
29887823
29887858
29887866
29887912
29887920
29887939
29887955
29887998
29888454
29888462
29893647
29893655
29893671
29893680
29893698
29893701
29894375
29894537
29894545
29894561
29897100
29897576
29898938
29898946
29899003
29899020
29899046
29899054
29906968
29906992
29907009
29907017
29907041
29907068
29907076
29907084
29914910
29914928
29914936
29914944
29914952
29914960
29914979
29914987
29914995
29915001
29915613
29915621
29915656
29922475
29922483
29922505
29922513
29922548
29922564
29922572
29929430
29929481
29929490
29929503
29929511
29929538
29929546
29930656
29930664
29936950
29936969
29936985
29936993
29937000
29937018
29937042
29937069
29937077
29944830
29944848
29944864
29944880
29944899
29944902
29951160
29951179
29951187
29951209
29951217
29951225
29951241
29951250
29952280
29952298
29952301
29954140
29954337
29963378
29963394
29963408
29974156
29974172
29974180
29974202
29974210
29974229
29974237
29974253
29974261
29974270
29974288
29974296
29974326
29974334
29974350
29974369
29978034
29978050
29978069
29978085
29978093
29978115
29978123
29978131
29978166
29982019
29990100
29990127
29990135
29990143
29990151
29990160
29990178
29990208
29990216
29990224
29990259
29998171
29998180
29998198
29998201
29998210
29998228
29999908
29999916
30007337
30007345
30007361
30007396
30007400
30007418
30007426
30007434
30007450
30007485
30007493
30009427
30009435
30009443
30009460
30009478
30009494
30016211
30016238
30016246
30016254
30016297
30016300
30016319
30016335
30016343
30016351
30023332
30023340
30023359
30023367
30023383
30023391
30023405
30023430
30023448
30024508
30026738
30032136
30032144
30032152
