37363889
37363897
37363900
37363927
37363935
37363943
37363986
37364000
37364019
37364027
37364035
37364043
37364060
37364086
37364116
37364124
37364159
37364175
37364183
37364191
37365090
37365103
37365111
37365120
37365146
37370851
37370878
37370886
37370894
37370908
37370924
37370932
37370940
37370967
37370991
37371016
37371024
37371040
37371059
37371067
37371075
37371148
37371156
37371164
37372380
37372410
37372429
37372453
37372488
37372500
37372518
37372615
37372640
37382325
37382333
37382341
37382350
37382376
37382384
37382392
37382406
37382414
37382430
37382449
37382457
37382481
37382490
37382503
37382520
37382538
37382562
37382570
37382597
37382627
37382678
37382694
37382724
37382732
37386483
37386491
37386505
37386521
37386530
37386548
37386564
37386572
37386580
37390590
37390603
37390620
37390638
37390646
37390689
37390700
37390719
37390727
37390743
37390751
37390760
37390816
37390832
37390859
37392353
37392361
37392370
37392388
37392418
37392426
37392442
37392450
37392469
37392477
37392485
37392493
37392507
37392515
37392531
37392540
37393014
37393022
37393030
37395805
37395821
37395830
37395848
37395856
37395864
37395880
37395899
37395929
37395937
37395945
37395953
37401281
37401290
37401303
37401311
37401320
37401346
37401362
37402082
37402104
37402112
37402120
37402139
37402147
37402155
37402163
37402171
37402180
37402201
37402228
37402236
37402252
37402260
37402287
37402295
37402309
37402317
37402350
37402368
37402376
37402384
37407578
37407586
37407594
37407608
37407632
37407667
37407691
37407713
37407721
37407756
37407764
37407772
37408468
37408476
37408484
37408492
37408506
37408514
37408530
37408549
37408565
37412833
37412841
37412850
37414273
37414281
37414290
37414338
37414346
37414354
37415171
37415180
37415198
37415201
37415210
37415228
37415236
37415252
37415260
37415279
37415287
37415295
37420283
37420305
37420321
37420330
37420348
37420356
37420380
37420852
37420860
37420879
37420895
37420909
37422055
37422063
37422071
37422080
37422098
37422101
37422110
37422128
37422136
37422152
37422160
37422179
37428414
37428422
37428430
37428473
37428481
37428490
37428511
37428546
37428554
37428562
37428570
37428864
37428880
37431487
37431509
37431517
37431525
37431533
37431550
37431576
37431584
37431592
37431606
37431614
37431622
37431630
37431649
37431657
37431665
37431681
37431690
37431703
37431720
37434882
37434890
37434912
37434920
37434939
37434955
37434971
37434980
37434998
37435012
37435039
37435055
37435098
37435101
37435144
37437889
37437897
37437900
37437919
37437927
37437935
37437943
37437960
37437978
37437994
37443058
37443074
37443082
37443090
37443104
37443112
37443120
37443139
37443155
37443171
37444410
37444428
37444444
37444479
37444509
37444517
37444525
37444541
37444550
37444576
37444606
37444614
37444622
37444630
37444649
37444665
37444673
37444690
37444703
37444720
37445270
37445300
37445318
37445326
37445334
37445342
37445350
37447009
37447017
37447025
37447033
37448535
37451697
37451719
37451727
37451735
37451751
37451778
37451840
37451875
37454251
37454286
37454294
37454308
37454316
37454340
37454375
37454391
37454413
37454421
37454430
37454448
37454464
37454472
37455230
37455249
37455257
37455265
37455273
37455281
37455290
37455303
37457924
37457940
37457959
37464247
37464255
37464263
37464271
37464280
37464298
37464310
37464336
37464360
37464379
37464387
37464395
37464409
37464417
37464425
37464433
37464999
37465013
37465021
37465030
37465048
37465056
37465072
37465099
37465110
37465153
37465170
37465188
37465200
37465218
37465226
37466264
37466272
37466299
37466302
37466345
37466353
37466370
37466388
37466396
37475220
37475238
37475246
37475254
37475262
37475270
37475289
37475297
37475319
37475327
37475335
37475351
37475378
37475394
37475408
37475440
37475467
37475483
37475491
37475505
37476187
37484660
37484678
37484716
37484724
37484740
37484783
37484805
37484856
37484899
37484929
37484937
37484945
37484953
37484988
37485002
37486253
37486270
37486288
37486300
37486318
37486326
37486334
37486342
37486350
37486369
37486377
37486393
37486407
37486423
37487836
37493293
37493307
37493323
37493331
37493358
37493366
37493374
37493390
37493412
37494906
37494914
37494922
37494930
37494949
37494957
37494965
37494973
37495014
37495022
37495049
37495057
37495081
37495103
37495138
37495146
37495693
37497678
37497694
37497708
37497716
37497724
37497759
37497775
37497783
37497791
37497805
37497821
37497830
37497856
37497864
37497872
37497899
37497902
37497910
37499245
37499253
37503540
37503583
37503680
37504171
37504180
37504201
37504210
37504228
37504236
37504244
37504287
37504295
37504430
37504449
37504465
37504473
37504490
37506431
37506440
37507364
37507372
37507380
37507399
37507429
37508939
37508955
37508963
37508980
37508998
37509004
37509012
37511659
37511667
37511675
37511691
37511713
37511721
37511985
37511993
37512000
37512026
37512034
37512115
37512123
37512131
37522445
37522453
37522496
37522500
37522518
37522550
37522569
37522585
37522607
37522615
37522631
37522674
37522682
37522690
37522747
37522755
37525697
37525700
37525719
37525727
37525743
37525751
37525760
37525786
37525794
37525808
37525824
37525859
37525883
37525913
37525930
37525948
37525964
37525972
37525980
37525999
37526005
37526013
37526021
37526056
37533720
37533746
37533754
37533770
37533797
37533800
37533827
37533835
37533851
37533878
37533886
37533894
37536580
37536599
37536602
37536610
37536629
37536645
37536653
37536661
37536670
37536696
37536700
37536718
37536726
37537403
37537420
37537438
37537446
37538085
37538107
37538115
37538123
37538131
37543189
37543227
37543260
37543278
37543286
37543294
37543308
37543332
37543359
37543367
37543413
37543456
37543464
37543472
37543480
37543499
37543502
37545597
37545619
37545635
37547091
37553530
37553565
37554412
37554420
37554447
37554455
37554463
37554471
37554498
37554501
37555736
37555744
37555752
37555760
37555779
37555787
37555809
37555825
37555850
37555868
37556731
37556740
37556758
37556774
37556782
37556790
37556804
37556820
37556839
37556847
37556855
37556880
37557222
37557249
37557257
37557265
37557273
37557281
37558406
37558414
37559215
37559223
37559231
37559258
37559266
37565250
37565284
37566026
37566034
37566042
37566050
37566077
37566085
37566093
37567528
37567536
37567544
37567560
37567587
37567595
37568043
37568051
37568078
37568086
37568108
37568116
37568124
37568132
37568140
37568159
37568175
37568183
37568191
37568710
37568728
37568752
37568760
37568779
37568787
37569049
37569057
37569065
37574746
37574770
37574797
37574800
37574827
37575490
37575504
37575512
37575520
37575539
37575547
37575555
37575580
37575598
37576313
37576321
37576348
37576356
37576364
37576372
37576380
37576399
37576410
37577416
37577424
37577432
37577459
37577483
37577491
37577505
37582471
37582480
37582498
37582510
37582544
37582579
37582617
37582650
37582668
37582684
37582692
37582714
37583140
37583159
37583167
37583183
37583191
37583205
37583230
37583248
37583272
37583280
37583612
37583620
37583647
37583671
37583680
37583698
37583701
37583728
37583744
37583779
37583787
37583795
37583809
37583817
37583825
37583850
37584332
37591950
37591968
37591992
37592009
37592025
37592050
37592068
37592076
37592092
37592114
37592122
37592157
37592165
37592173
37592181
37592211
37592238
37592254
37592262
37592289
37592297
37592300
37592319
37592327
37592335
37593985
37593993
37594018
37594026
37594050
37594077
37594085
37594115
37594123
37594140
37594158
37594166
37594174
37594182
37602293
37602307
37602323
37602331
37602340
37602366
37602374
37602390
37602412
37602420
37602439
37602455
37602501
37603612
37603639
37603663
