21868583
21868591
21868613
21868630
21868664
21876110
21876128
21876136
21876160
21876179
21876209
21876217
21876349
21876357
21896125
21896176
21896206
21896214
21896222
21896257
21896265
21896290
21896354
21896400
21896419
21896443
21896451
21896516
21896524
21896540
21896559
21896567
21896591
21910009
21910050
21910076
21910092
21910114
21910130
21910165
21914280
21914302
21914310
21914353
21914370
21914388
21914396
21914400
21914418
21924799
21924810
21924829
21924845
21924861
21924888
21924900
21924918
21924934
21924942
21924969
21926994
21932970
21933380
21935062
21936130
21936149
21936157
21936165
21936173
21936190
21936220
21936246
21937314
21937357
21937420
21937446
21937454
21941153
21941170
21941200
21947067
21947105
21947113
21947121
21947130
21947148
21947156
21947164
21947172
21947202
21947229
21956863
21956871
21956928
21956936
21956979
21956995
21957001
21957079
21957095
21957150
21957214
21957230
21967471
21967498
21967510
21967528
21967536
21967544
21967552
21967560
21967579
21973023
21973031
21973058
21973082
21973090
21973112
21973120
21973139
21973180
21973198
21973228
21987983
21988024
21988032
21988059
21988067
21988075
21988083
21988091
21988113
21997839
21997855
21997880
22005939
22005947
22005955
22005963
22005971
22005980
22006047
22006055
22006080
22006098
22006101
22006110
22006128
22006144
22006160
22006187
22006217
22006543
22006551
22006578
22006586
22006624
22006632
22006640
22006667
22006675
22024442
22024477
22024485
22024515
22024531
22024540
22024574
22024590
22024604
22024612
22024647
22024655
22030878
22030940
22030983
22031016
22031130
22031148
22031199
22031202
22032798
22041290
22041303
22041311
22041354
22041419
22041443
22049358
22049374
22049382
22049455
22049510
22049528
22049536
22049544
22049552
22049579
22049587
22049595
22049609
22049625
22049641
22049714
22049722
22049749
22049765
22049781
22049790
22049803
22054265
22057253
22057288
22057300
22057318
22057385
22057423
22057458
22057466
22057482
22057490
22057504
22057512
22066480
22066529
22066545
22066553
22066561
22066588
22066618
22073950
22074092
22074165
22074181
22074190
22074220
22074238
22074254
22074297
22074327
22074335
22086909
22086925
22086933
22086941
22086950
22086976
22086984
22087009
22089115
22095036
22095230
22101243
22101251
22101260
22101316
22101332
22101359
22101375
22101383
22105814
22105849
22105873
22105881
22105946
22116694
22116708
22116775
22116791
22116805
22116821
22124387
22124417
22124425
22124441
22124450
22124468
22124484
22124492
22124506
22131171
22131180
22131244
22131252
22131287
22139507
22139515
22139540
22139558
22139582
22139590
22139639
22139655
22139680
22146067
22146075
22146091
22146105
22146113
22146121
22146148
22146164
22152000
22152026
22152034
22152042
22152093
22152115
22152140
22152158
22152174
22152190
22152204
22156303
22156346
22156354
22156362
22156389
22156400
22156427
22163939
22163980
22164004
22164012
22164039
22164080
22167957
22167965
22167990
22168022
22168030
22168073
22168103
22172724
22176858
22176866
22176874
22176890
22176904
22176912
22176939
22176947
22176963
22177004
22177012
22177039
22182000
22182094
22182108
22182124
22182167
22182175
22182183
22182825
22182833
22182841
22182850
22182868
22182884
22182892
22182906
22182914
22182922
22182949
22183006
22192071
22192136
22192195
22192209
22192225
22192233
22192250
22192268
22192276
22192306
22192357
22192365
22192390
22198031
22198090
22201722
22201773
22201790
22201803
22201811
22201820
22201838
22201846
22201870
22201889
22201927
22201943
22201951
22201960
22202060
22202078
22202094
22202108
22202124
22202639
22204699
22204745
22204800
22204826
22214390
22214404
22214447
22214498
22214501
22214528
22214536
22214579
22214587
22214641
22214650
22214668
22224009
22224025
22224033
22224041
22224084
22224114
22224130
22226298
22226336
22227340
22231944
22231952
22231960
22231987
22231995
22232010
22232028
22232052
22232079
22232109
22232125
22232141
22232168
22232176
22238357
22238373
22238381
22238390
22238403
22238438
22238454
22243043
22243647
22244022
22244103
22244120
22244146
22244162
22244170
22244189
22244197
22251950
22251976
22252041
22252068
22252084
22252092
22252106
22252130
22255862
22256566
22256574
22256582
22256612
22256620
22256647
22256655
22256663
22256698
22256710
22256736
22256752
22256760
22256787
22256795
22260869
22261325
22265289
22265300
22265319
22265327
22265335
22265351
22265378
22265408
22265432
22265440
22270196
22270218
22270226
22270234
22270250
22270269
22270277
22270307
22274228
22274279
22274287
22281284
22281292
22281314
22286230
22286249
22286257
22286265
22286303
22286338
22286346
22290487
22290525
22290541
22290550
22290568
22290584
22290606
22290630
22298774
22298790
22298871
22298936
22298944
22298952
22298960
22298979
22298987
22299001
22299010
22305308
22305316
22305359
22305367
22310665
22314730
22314756
22314780
22314799
22314802
22314829
22314837
22314861
22314870
22318472
22318480
22318499
22318510
22318529
22318537
22318570
22318600
22320740
22324695
22324717
22324776
22324792
22324806
22324822
22324857
22324903
22332922
22332930
22332949
22332957
22332965
22332981
22332990
22333006
22333022
22333030
22333049
22333057
22333073
22333103
22333120
22333138
22339033
22339041
22339050
22339084
22339092
22339106
22339130
22347010
22347028
22347044
22347052
22347079
22347087
22347095
22347125
22350805
22350813
22352393
22353640
22353666
22353690
22353704
22353747
22353798
22353801
22356930
22356948
22356956
22356972
22356980
22357005
22357013
22357030
22357064
22357072
22357080
22357099
22365237
22367122
22367149
22367157
22367181
22367190
22367203
22367238
22367246
22367254
22373027
22373094
22373124
22373132
22373159
22373213
22373221
22373230
22381739
22381755
22381798
22381801
22381836
22381860
22381879
22381887
22381909
22381917
22381933
22381941
22381968
22381984
22385501
22385510
22385528
22385544
22385560
22385579
22385595
22385617
22385641
22385650
22385684
22385692
22385722
22385765
22385773
22385781
22385790
22388940
22393113
22393121
22393148
22393164
22393180
22393199
22393202
22393210
22393229
22393245
22393253
22393261
22393270
22393288
22393296
22393300
22393326
22397913
22397999
22398005
22398030
22398072
22398099
22398102
22398137
22398145
22398234
22398250
22401810
22403713
22403756
22403764
22403780
22403829
22403837
22403845
22403853
22403861
22403888
22403896
22411856
22411880
22411899
22411953
22411988
22411996
22412010
22412070
22412380
22419736
22419752
22419779
22419795
22419817
22419825
22419850
22424406
22426440
22426458
22426474
22426482
22426504
22426598
22426601
22435138
22435146
22435154
22435219
22435251
22435294
22435359
22435367
22440789
22440797
22440819
22440827
22440843
22440908
22440932
22453380
22453410
22453428
22453444
22453460
22453479
22453509
22453525
22453533
22453550
22453576
22453584
22453606
22453614
22453665
22453703
22453746
22453835
22453886
22453894
22453908
22453916
22461412
22461420
22461471
22461510
22461617
22463073
22463634
22466827
22466835
22466851
22466886
22466908
22466916
22466959
22466967
22467008
22467385
22474048
22474110
22474145
22474153
22474200
22480333
22480350
22480368
22480376
22480392
22480449
22480457
22480465
22480473
22480481
22480503
22490205
22490248
22490272
22490280
22490299
22490337
22490361
22496348
22496364
22496372
22496410
22496429
22496453
22496461
22496470
22496488
22496518
22496526
22496534
22496542
22496569
22503062
22503070
22503097
22503100
22503127
22503135
22503143
22503151
22512176
22512184
22512206
22512214
22512222
22512257
22512273
22512290
22513511
22513520
22513538
22520187
22520241
22520250
22520276
