10565460
10565479
10565495
10565541
10570882
10570904
10574400
10577660
10584403
10584586
10584632
10584675
10584683
10584829
10589486
10589591
10593487
10593509
10603017
10603025
10611176
10611192
10611206
10611214
10622507
10622515
10630496
10632632
10632705
10632748
10638155
10642130
10643550
10643593
10649251
10649286
10649294
10649316
10649324
10649340
10660012
10660896
10668954
10668997
10669011
10669038
10675609
10675617
10675803
10680540
10680630
10690188
10690200
10690242
10696660
10699535
10699551
10699594
10707182
10719250
10724469
10728509
10733068
10738510
10744423
10744440
10748280
10748360
10754117
10754125
10757970
10763131
10763174
10763220
10770660
10770708
10774092
10779030
10779057
10779090
10779111
10784436
10784460
10784495
10784509
10784533
10785350
10805369
10805377
10805474
10810756
10816686
10816694
10816708
10816716
10817290
10823098
10823101
10825889
10827162
10836578
10836586
10836594
10842677
10847283
10847313
10847372
10847437
10847453
10852638
10858347
10861016
10867922
10868006
10868022
10868090
10868103
10868111
10885244
10885287
10885325
10890054
10898228
10898252
10899959
10901447
10906991
10907687
10907741
10907881
10908070
10908127
10913948
10918562
10918570
10922393
10922431
10922458
10929588
10929618
10933864
10933880
10933902
10933945
10938411
10938489
10938543
10943531
10943540
10943558
10943574
10943647
10951534
10958311
10970757
10975185
10978300
10978319
10978343
10983625
10984558
10988517
10988606
10988622
10988665
10994993
10995247
10995336
11001001
11009951
11009960
11018631
11018666
11030058
11030104
11030139
11032113
11040566
11040590
11040604
11045601
11045628
11045636
11051573
11051581
11057312
11062041
11062050
11062165
11062173
11062254
11062289
11062335
11072975
11075220
11077700
11077751
11078994
11086563
11086598
11094639
11102898
11102979
11112174
11112212
11112344
11116265
11118053
11118070
11119997
11129605
11129621
11134369
11140115
11140263
11140280
11145236
11145325
11150828
11150950
11153760
11153778
11160619
11164513
11164530
11164564
11164572
11164599
11168914
11172818
11177890
11177963
11187711
11194859
11194891
11199864
11199872
11199902
11199929
11199937
11210580
11210601
11210610
11216205
11226837
11230609
11230641
11234252
11234651
11234686
11234716
11240548
11245596
11245634
11254616
11254624
11254632
11254683
11254705
11260030
11264520
11264580
11264687
11264695
11268999
11274028
11278240
11282799
11283654
11286103
11286162
11286170
11286189
11286197
11286243
11286251
11286278
11291053
11297099
11297110
11297129
11302209
11312610
11315896
11315918
11315942
11315950
11315969
11316018
11316050
11319251
11319278
11319480
11319510
11324711
11324720
11327491
11327521
11327530
11327556
11327564
11331816
11333531
11338644
11338687
11338709
11340989
11345188
11345196
11349635
11358188
11358340
11358358
11358374
11358382
11365622
11365681
11365690
11365720
11365738
11365754
11377210
11377252
11383653
11385123
11396386
11396491
11396505
11401253
11401288
11401342
11404756
11404837
11404853
11404861
11407094
11410480
11410529
11422701
11430267
11430275
11430321
11430348
11435531
11435558
11435566
11443763
11443836
11449979
11450019
11456496
11456593
11463299
11463337
11463396
11475048
11475064
11475072
11479570
11479597
11479635
11479643
11479686
11483555
11483563
11483644
11493346
11493389
11493451
11493494
11500281
11500311
11500370
11508641
11514147
11519004
11519101
11519128
11525936
11526230
11526257
11536722
11536730
11536765
11536790
11536820
11542252
11542384
11542430
11547535
11553340
11553421
11559211
11564447
11564455
11571533
11571541
11571550
11571576
11571584
11574548
11574564
11585814
11585822
11585830
11597070
11597118
11597169
11597215
11600930
11605032
11606453
11606470
11616082
11616112
11619461
11625790
11625811
11629058
11629066
11629120
11629147
11629155
11629171
11634283
11634330
11634348
11634364
11637980
11638005
11638021
11638072
11644198
11644430
11653404
11656842
11656923
11656940
11656982
11656990
11662828
11662844
11662860
11665697
11665719
11665751
11665778
11673584
11673630
11673703
11685562
11687563
11694250
11699312
11704834
11704885
11704893
11704907
11712870
11724459
11724475
11734460
11734487
11739271
11739280
11739336
11739360
11753349
11753373
11756949
11756957
11759228
11759236
11765149
11771329
11775088
11775096
11782760
11782808
11786745
11786788
11786796
11786818
11786826
11786834
11786850
11786893
11786923
11786990
11796331
11796358
11796447
11802166
11807015
11807023
11807031
11807066
11807074
11807082
11817027
11817035
11821702
11821737
11824750
11833545
11833588
11833600
11833642
11837121
11837130
11837164
11837180
11845639
11845710
11845728
11858590
11864525
11865466
11865601
11865644
11865679
11865695
11865709
11865725
11881674
11889856
11889872
11895572
11898757
11898765
11905501
11907391
11907405
11912851
11917700
11922260
11929683
11929705
11929713
11929748
11934221
11934248
11935847
11938770
11938878
11939059
11942135
11946595
11946625
11953916
11953932
11957020
11963448
11963499
11969351
11969424
11972667
11972675
11976863
11976898
11976944
11984220
11984238
11985748
11985926
11989855
11989863
11995750
11995784
11995792
12001360
12001395
12001409
12006040
12006139
12006147
12018958
12023083
12023105
12023172
12023199
12024135
12032006
12037720
12050835
12050851
12054942
12054950
12054969
12060960
12060995
12065763
12069390
12073006
12075368
12075384
12076550
12084676
12084722
12084730
12084749
12084781
12089029
12089061
12092393
12092415
12092440
12092466
12096719
12096743
12105914
12111525
12111541
12115411
12115420
12120868
12120892
12120914
12127343
12134952
12134979
12134987
12142963
12142971
12142998
12143012
12153857
12153938
12154046
12154062
12161574
12161590
12166237
12166300
12169489
12171845
12180410
12190812
12199030
12204144
12221765
12228100
12228143
12229025
12241401
12241410
12243453
12243461
12247331
12249391
12250035
12250051
12260209
12260977
12260985
12264014
12266252
12270695
12270733
12270776
12285394
12293575
12296059
12296091
12296105
12298688
12305025
12308234
12308250
12308269
12308277
12308293
12311493
12311515
12311540
12318360
12320793
12326931
12332313
12332380
12332844
12344490
12344504
12359564
12359610
12359653
12359661
12359696
12369703
12369711
12369746
12369770
12380450
12380485
12380493
12380663
12380698
12382338
12388284
12388330
12388403
12388420
12388438
12388454
12388462
12388500
12388543
12388551
12388578
12389409
12392463
12392528
12392536
12398270
12398288
12398300
12398369
12406771
12409360
12409441
12409450
12409492
12409514
12412706
12412919
12417363
12420806
12420849
12420865
12420890
12426760
12426914
12431058
12431074
12431082
12431104
12431180
12431201
12433393
12445991
12446067
12446091
12454299
12454302
12456192
12467515
12467582
12467590
12467604
12467655
12467736
12474474
12477047
12477055
12481528
12489246
12489262
12489300
12489386
12489440
12489483
12495540
12496677
12496707
12496740
12496766
12502850
12502868
12503642
12504427
12520198
12520228
12520236
12523542
12523550
12527455
12527471
12527501
12527528
12529456
12532567
12532575
12533597
12537530
12537548
12537602
12541964
12541972
12542021
12544227
12550458
12552939
12553543
12558753
12560575
12565548
12565556
12567220
12576423
12576431
12576440
12589652
12589741
12589792
12589814
12598774
12598790
12598804
12598839
12599559
12606516
12610622
12610665
12625631
12625640
12625658
12625712
12625763
12626033
12632426
12632450
12644250
12651169
12653771
12658507
12665059
12670306
12677312
12680768
12682203
12682211
12682220
12682262
12682270
12682327
12682335
12692584
12692592
12692606
12692622
12692630
12692657
12693164
12693172
12693180
