12693202
12697450
12697530
12697549
12697573
12715998
12716004
12716098
12716217
12716233
12716292
12716306
12725657
12735030
12735057
12735065
12735090
12735111
12744969
12745123
12745140
12745158
12745166
12747299
12751036
12760654
12760662
12760700
12760735
12760751
12760760
12760778
12768259
12768577
12768690
12779843
12779851
12779860
12787595
12787633
12787668
12787714
12787730
12800937
12805667
12814843
12816020
12817084
12817149
12830792
12830814
12830849
12830865
12844186
12844216
12844240
12844259
12844348
12849523
12851744
12855851
12855878
12858084
12866052
12866060
12867260
12867520
12871881
12877027
12881702
12881710
12887730
12887799
12891234
12891269
12891323
12904547
12906424
12906440
12906475
12914079
12914125
12918496
12936778
12936786
12940400
12940418
12940442
12940477
12945822
12959046
12959054
12959062
12966841
12966876
12966914
12969953
12972061
12996869
12996982
13000568
13001210
13003785
13003840
13010308
13010316
13014024
13018590
13018603
13018689
13018697
13029238
13033670
13033689
13042075
13042083
13042105
13046751
13049596
13052192
13052273
13052281
13056003
13056011
13061107
13071615
13073446
13078150
13086306
13086390
13087360
13091655
13091663
13095770
13095800
13100095
13101279
13114376
13117399
13117445
13117453
13117461
13117496
13120106
13126311
13128673
13132003
13132054
13137370
13140952
13140995
13149200
13149218
13153944
13162667
13162675
13170023
13170961
13180736
13180752
13180841
13184266
13186062
13189980
13189999
13197720
13197738
13201340
13203279
13206852
13210420
13213280
13213299
13221313
13221321
13221402
13221453
13224905
13233326
13233350
13233369
13236144
13240137
13240161
13240234
13240242
13240269
13240366
13251721
13251748
13251780
13251799
13251829
13251837
13255626
13255634
13268774
13269508
13269516
13269524
13269532
13269540
13279005
13284109
13287148
13287156
13287253
13287300
13287334
13287350
13287393
13287407
13288089
13299304
13299320
13299339
13301951
13302310
13302329
13302728
13306053
13306088
13306096
13306118
13313328
13313344
13313360
13313409
13320589
13320619
13322679
13322695
13322806
13323208
13335288
13335296
13335440
13335482
13337726
13337734
13337785
13337807
13343027
13343132
13343159
13346961
13347037
13353926
13354026
13354034
13359074
13359120
13359147
13359155
13359163
13359171
13363890
13363946
13374503
13374511
13374520
13374635
13374678
13379462
13390444
13398944
13399001
13399010
13399028
13399052
13399109
13399117
13399125
13402840
13402883
13410576
13410649
13410673
13414810
13414888
13414918
13414934
13414942
13414985
13419745
13420324
13422538
13422562
13427705
13427730
13429927
13432310
13433910
13436207
13438348
13438674
13438704
13438771
13445086
13445116
13445124
13445132
13445175
13445264
13445272
13445280
13445310
13447877
13452296
13452350
13452377
13452431
13452440
13456700
13464282
13464304
13464355
13467491
13467548
13467556
13467572
13467580
13474790
13474804
13474847
13481860
13481895
13496144
13496195
13496209
13496225
13501771
13508052
13508109
13514690
13514747
13519558
13519574
13526750
13526768
13526814
13531187
13538193
13538207
13538215
13538240
13538266
13538282
13538320
13544950
13548367
13548383
13548421
13548499
13548502
13548618
13548626
13554113
13554130
13561005
13561021
13561056
13567482
13572136
13572225
13578589
13578635
13578643
13578724
13580589
13580627
13580678
13584475
13592486
13594908
13600147
13600171
13600350
13600392
13600406
13607501
13607536
13607560
13611936
13612036
13612087
13626120
13626139
13626147
13626163
13626171
13626228
13633454
13633489
13633527
13633560
13633586
13633608
13633616
13637065
13637073
13639279
13639317
13639325
13639341
13639350
13639376
13643490
13646799
13649906
13649922
13649957
13649965
13650021
13655770
13655789
13655797
13657780
13657828
13657836
13657852
13657860
13657879
13657895
13657917
13657941
13664590
13668347
13668371
13668428
13668444
13672879
13672887
13672909
13672925
13672941
13672968
13672976
13676684
13679060
13679079
13682970
13682996
13689340
13689358
13689455
13689463
13689510
13701885
13701907
13701915
13701990
13702058
13705500
13705550
13705577
13705585
13709145
13709153
13709188
13709277
13709285
13711633
13711641
13711668
13713944
13717539
13720801
13720887
13720895
13720909
13720968
13720984
13721017
13724552
13724617
13728155
13728171
13728201
13730317
13730333
13730368
13730376
13730406
13737501
13737510
13737544
13737579
13737625
13742125
13758822
13758857
13758865
13758890
13758970
13758989
13758997
13759046
13759070
13759089
13759097
13759151
13759160
13770290
13774461
13774518
13776330
13776357
13776373
13776390
13776454
13776470
13780544
13780595
13780609
13780625
13780633
13780641
13790580
13790599
13790602
13790610
13790653
13790661
13790688
13790700
13790718
13790750
13790769
13790777
13796745
13796761
13796788
13796826
13796915
13799342
13799369
13799407
13799415
13799431
13799440
13799474
13799490
13799539
13809683
13809756
13809764
13811896
13814302
13814310
13814329
13814361
13814418
13814469
13822593
13822615
13822623
13822658
13822666
13822682
13822712
13823815
13828600
13828693
13828707
13828740
13836505
13836513
13836521
13836572
13836580
13836599
13836610
13836629
13836637
13836645
13836653
13836661
13842442
13845376
13845430
13845503
13845562
13845570
13845600
13845619
13845651
13845660
13847784
13847806
13852411
13857761
13858686
13858708
13858716
13862709
13862717
13863240
13863267
13863330
13863364
13873724
13873767
13873775
13873813
13873821
13873910
13873929
13873937
13873961
13884774
13884782
13884790
13884936
13884944
13884960
13884995
13885001
13887797
13889895
13897456
13903981
13904502
13904545
13904553
13904561
13904618
13904626
13904634
13904650
13904669
13904677
13904685
13904693
13904707
13904715
13904731
13904740
13904782
13904847
13904863
13909755
13909798
13909801
13909810
13909836
13909968
13921198
13921813
13921821
13921830
13921856
13921872
13921880
13921899
13921902
13921929
13921961
13921970
13921988
13921996
13929140
13929159
13929213
13929280
13941713
13941721
13941748
13941756
13941772
13941780
13941837
13941845
13941888
13941926
13947945
13949059
13949067
13949075
13949091
13956048
13956072
13956080
13960880
13963347
13980003
13981920
13981963
13989762
13994882
13994912
13994920
13994939
13994980
14004614
14008330
14008349
14008365
14008373
14008438
14014243
14033148
14033164
14033199
14033229
14033237
14033245
14033270
14033300
14033326
14033334
14033342
14033385
14033431
14033466
14040862
14048610
14048688
14048734
14048939
14048947
14048963
14049012
14049071
14049098
14049110
14049128
14049136
14049144
14052611
14054698
14054710
14054736
14054779
14054787
14054795
14054809
14062267
14063009
14063033
14063041
14063068
14073037
14073045
14073053
14077020
14077055
14077071
14096170
14110763
14110810
14110836
14110844
14110852
14110895
14110933
14110941
14124297
14124327
14124335
14124351
14135288
14135318
14135369
14139751
14139760
14139808
14139816
14141328
14152041
14152068
14152092
14154573
14154581
14154590
14159295
14159376
14163989
14163997
14165858
14165912
14165939
14169035
14174520
14174538
14174546
14174562
14179667
14179675
14182174
14182190
14182220
14182255
14187031
14187066
14187090
14189377
14192178
14192186
14192224
14192259
14192305
14192330
14192356
14192844
14193068
14195077
14195085
14195107
14201004
14201055
14206958
14208037
14208088
14208100
14208126
14215700
14215743
14215760
14215778
14215794
14218430
14218464
14221842
14221850
14221877
14221885
14221893
14224784
14224814
14224822
14227926
14227950
14227977
14228697
14230433
14230441
14238062
14238097
14238100
14247370
14247389
14247400
14247443
14247451
