36180310
36180476
36180484
36180492
36180506
36186061
36186070
36186088
36186096
36186126
36186134
36186142
36186150
36186169
36186177
36186738
36191645
36191653
36191661
36191688
36191696
36191700
36191718
36191734
36191742
36191750
36191769
36191777
36191793
36191807
36191831
36196715
36196723
36196740
36196758
36196804
36196820
36197079
36197850
36200875
36200905
36200921
36200930
36200948
36200956
36201676
36201684
36201706
36201722
36201730
36206746
36206762
36206789
36208178
36208194
36208224
36208232
36208240
36208259
36208267
36208275
36208291
36209173
36209181
36209190
36211491
36214072
36214099
36214102
36214110
36214129
36214137
36214170
36214188
36214196
36214226
36214234
36214242
36214250
36214269
36214285
36214293
36214315
36220384
36220414
36220481
36220490
36220503
36220511
36220520
36220546
36220570
36220619
36220627
36220635
36220643
36224939
36224947
36224963
36225390
36225403
36225411
36225420
36225713
36226387
36226395
36226409
36230701
36230710
36230744
36230779
36230825
36230850
36230868
36230884
36230906
36236046
36236062
36236089
36236097
36236119
36236127
36236135
36236941
36236950
36236976
36236984
36237009
36241336
36241352
36241360
36241379
36241387
36241395
36245737
36245745
36245753
36245770
36245788
36245826
36245850
36245869
36245893
36245907
36245931
36245940
36245966
36246260
36246295
36250830
36250865
36250873
36250881
36250890
36250911
36252262
36252270
36252297
36252300
36253837
36253845
36253853
36253870
36257944
36257995
36258001
36258010
36258435
36258443
36259210
36263601
36263610
36263644
36263652
36263695
36263741
36263750
36263768
36264780
36264801
36264828
36264836
36264844
36269485
36269531
36269540
36269566
36269680
36269710
36269728
36269736
36270153
36270161
36270170
36270188
36274619
36274627
36274635
36274643
36274651
36274708
36274716
36274724
36274732
36274740
36274759
36279748
36279756
36279764
36279799
36279802
36279810
36279829
36279837
36279853
36279861
36279870
36280220
36280238
36284655
36284698
36284701
36284710
36284744
36284752
36284760
36284779
36284787
36284795
36289253
36289261
36289814
36289822
36289830
36289849
36289865
36289873
36289890
36294489
36294497
36294500
36295328
36295344
36295360
36295379
36295387
36295395
36295409
36295433
36295450
36295468
36295484
36295492
36295506
36300718
36300742
36300769
36300777
36300807
36300831
36300840
36300858
36300866
36304850
36304876
36304892
36304906
36304914
36304930
36304981
36304990
36305006
36305022
36305766
36306249
36306273
36306281
36306303
36309903
36309911
36309954
36309970
36309997
36310517
36310533
36315514
36315522
36315549
36315565
36315611
36315638
36315646
36315654
36321710
36321729
36321745
36321770
36321788
36321818
36321826
36321834
36321842
36321850
36321893
36321915
36321923
36325208
36325216
36325232
36325259
36325267
36325291
36325313
36325321
36325348
36330638
36330646
36330654
36330689
36330697
36330700
36330727
36330735
36330786
36330794
36330808
36333731
36336150
36336479
36336487
36336509
36336525
36336568
36336584
36341718
36341726
36341734
36341742
36341750
36341769
36341777
36341793
36341807
36341815
36341823
36341831
36341840
36341858
36341866
36341882
36344374
36345302
36346979
36346987
36346995
36347010
36347028
36347036
36347044
36347052
36347079
36347095
36351126
36351428
36351460
36351479
36351509
36351517
36351525
36351533
36352377
36352393
36354050
36355705
36355748
36355756
36355764
36355772
36355780
36356492
36356506
36356514
36356522
36361529
36361537
36361545
36361553
36361561
36361588
36361596
36361600
36361618
36361626
36361634
36361642
36361650
36361677
36361693
36361715
36361723
36365032
36365040
36365059
36365067
36367491
36367505
36367513
36367548
36367556
36367564
36367572
36367580
36368217
36368225
36368250
36368268
36368276
36368284
36368292
36368306
36368314
36368322
36368330
36368349
36368357
36368365
36368373
36368640
36368659
36368667
36373299
36373310
36373949
36373973
36373990
36374014
36374022
36374030
36374049
36374065
36374103
36374111
36374146
36374154
36374162
36377690
36378067
36378083
36378113
36378130
36378148
36378156
36383039
36383055
36383063
36383071
36383080
36383098
36383101
36383110
36383136
36383144
36383152
36383160
36383179
36383187
36383195
36385064
36387375
36388648
36388664
36388699
36388729
36388737
36388745
36388753
36388761
36394046
36394062
36394070
36394097
36394100
36394119
36394127
36394135
36394151
36394160
36398684
36398692
36398714
36398730
36398749
36398757
36398773
36399370
36399388
36399400
36399418
36399426
36399434
36402599
36402602
36402610
36402645
36402661
36402670
36402688
36402696
36402726
36402734
36402742
36405706
36405722
36405730
36405757
36405765
36405781
36406833
36406850
36410524
36410559
36410567
36410575
36410591
36410621
36410648
36410656
36410664
36415394
36416047
36416055
36416071
36416080
36416098
36416101
36416110
36416128
36416136
36416152
36416179
36416209
36416217
36420080
36420200
36420218
36420234
36420242
36424880
36424937
36424945
36425835
36425851
36425860
36425878
36425894
36425916
36425924
36429918
36430270
36430297
36430300
36430319
36430327
36430343
36430580
36434469
36434477
36434493
36434515
36435642
36439016
36439024
36439032
36439075
36439083
36439091
36439105
36439121
36439539
36440886
36442003
36442933
36442941
36442950
36442968
36443483
36448154
36448162
36448170
36448189
36448197
36448219
36448227
36448243
36448278
36448286
36448294
36448308
36448316
36448324
36448693
36453452
36453460
36453479
36453487
36453819
36458689
36458697
36458700
36458719
36458727
36458735
36458751
36458778
36458786
36459200
36459218
36459226
36459242
36463375
36463383
36463405
36463430
36463464
36463472
36463480
36463499
36463510
36468089
36468100
36468119
36468127
36468135
36468143
36468151
36469246
36469254
36469262
36469270
36469289
36469297
36469319
36469335
36469718
36473301
36473310
36473328
36473344
36473360
36473379
36473387
36473395
36473409
36473417
36473425
36473441
36473697
36477230
36477249
36477257
36477265
36477273
36477290
36477303
36477524
36477532
36477877
36482768
36482814
36482822
36482830
36482849
36482911
36482920
36482938
36483798
36488353
36488361
36488370
36488388
36488396
36488400
36488418
36488426
36488434
36488442
36488450
36491405
36491448
36494061
36495814
36495822
36495849
36495857
36495865
36495873
36495903
36495938
36495946
36495954
36495962
36495997
36497254
36497262
36497289
36501053
36501070
36501096
36501100
36501118
36501126
36505306
36505624
36505632
36505640
36505659
36505667
36505675
36505691
36505713
36505721
36505730
36510922
36510965
36510990
36511006
36511022
36511030
36511049
36511057
36511073
36511090
36511910
36512206
36514452
36514460
36514878
36514886
36514894
36514908
36514924
36514940
36514959
36518071
36518080
36518098
36518101
36518110
36519212
36519247
36523086
36523639
36523647
36525567
36528946
36528954
36528962
36528970
36529011
36529046
36529062
36529160
36529178
36529186
36533160
36533179
36535021
36535048
36535056
36535064
36535072
36535099
36535102
36535404
36539538
36539554
36539589
36539600
36539619
36543059
36543067
36543075
36543083
36543091
36544194
36544208
36544224
36544232
36544666
36548676
36548684
36548692
36548722
36548730
36548749
36548765
36548773
36554406
36554422
36554430
36554449
36554457
36555371
36555398
36555401
36555428
36555436
36555444
36558505
36558513
36558521
36558530
36558548
36560467
36563633
36563668
36563676
36563706
36563722
36563730
36563749
36564175
36568371
36568398
36568401
36568428
36568436
36569440
36569458
36569474
36569490
36575794
36575816
36575824
36575832
36575840
36575859
36575891
36575905
36575913
36575921
36575948
36575956
36575964
36575980
