32247506
32247514
32247522
32247530
32247549
32247565
32247573
32247581
32247603
32247611
32247620
32251477
32251485
32251493
32251566
32251574
32251582
32251604
32255347
32257399
32257402
32257410
32262794
32262808
32262824
32262859
32262875
32262883
32262891
32262905
32262948
32262956
32263480
32266516
32266583
32266605
32266613
32266621
32274179
32274195
32274217
32274225
32274233
32274250
32274268
32274276
32274292
32279443
32279460
32279478
32279494
32279508
32279516
32279524
32279532
32279540
32279559
32279583
32282171
32283924
32283932
32283940
32283991
32285526
32288875
32288905
32288921
32288956
32288964
32288980
32289021
32289030
32289064
32289072
32294672
32294680
32294699
32294702
32294710
32294729
32294737
32294745
32294753
32294761
32299084
32299092
32299106
32299114
32299785
32299793
32299807
32299815
32299831
32304369
32304393
32304407
32305593
32305607
32309412
32309447
32309455
32309480
32309498
32309536
32309544
32309552
32310662
32310670
32310689
32310697
32314486
32314788
32314796
32314800
32314818
32314834
32314842
32314850
32314869
32314877
32319300
32319335
32319343
32320712
32320720
32320763
32320771
32323662
32324943
32324951
32328490
32328503
32328520
32328538
32328546
32328554
32328678
32328686
32329614
32329622
32329630
32329649
32334491
32334513
32334521
32334530
32334548
32334564
32334572
32334580
32334599
32339642
32339650
32339669
32339685
32339693
32339707
32339715
32339723
32339731
32339740
32339766
32339774
32339782
32339790
32341286
32341294
32345768
32345806
32345830
32345849
32350721
32350730
32350748
32350756
32350764
32350780
32350799
32350802
32350810
32354430
32354448
32354472
32354480
32354510
32354561
32354570
32359810
32359836
32359844
32359852
32359860
32359879
32359887
32363632
32363640
32365285
32365293
32365307
32369805
32369813
32369821
32369848
32369899
32369937
32371546
32371554
32371562
32371589
32375297
32375351
32375360
32375408
32375416
32375424
32375459
32375475
32375505
32376071
32380005
32380013
32380021
32380056
32380064
32380340
32380358
32385584
32385592
32385606
32385630
32385649
32385657
32385665
32385690
32386865
32390602
32390610
32390629
32390637
32390661
32390696
32390700
32390718
32397155
32397171
32397180
32397198
32397201
32401523
32401540
32401558
32401574
32401582
32401590
32402421
32402430
32402448
32404104
32406440
32406458
32406466
32406474
32406490
32406512
32406520
32406539
32411365
32411373
32411381
32411390
32411411
32411420
32411454
32412883
32417392
32417406
32417422
32417449
32417457
32417473
32417481
32417490
32417503
32418290
32423998
32424012
32424020
32424039
32424047
32424055
32424080
32424101
32424110
32424128
32424136
32424144
32424152
32424160
32424179
32427906
32427914
32427922
32427930
32433347
32433355
32433363
32433380
32433398
32433410
32433428
32433436
32433460
32433495
32433630
32439048
32439072
32439080
32439099
32439102
32439110
32439129
32439137
32439145
32439153
32439170
32439218
32445554
32445562
32445589
32445597
32445600
32445627
32445643
32445651
32445660
32445686
32449157
32449165
32449173
32449211
32449220
32449246
32454668
32455370
32455388
32455396
32455418
32455442
32459932
32459959
32459967
32459975
32459983
32460007
32460015
32460023
32460600
32460619
32460635
32465276
32465292
32465306
32465314
32465322
32465330
32465357
32465365
32465390
32469685
32470957
32470973
32470981
32470990
32471006
32471650
32471669
32471707
32475741
32475768
32475776
32475792
32475814
32481905
32481913
32481921
32481956
32486066
32486090
32486120
32486180
32486210
32486228
32486236
32486287
32486295
32486309
32490415
32490423
32491070
32491119
32491933
32491941
32498958
32498974
32499007
32499031
32499058
32499074
32499082
32499112
32499600
32503701
32505265
32505281
32505311
32505320
32505346
32505478
32505494
32509291
32509305
32509313
32509321
32509330
32509992
32511933
32513144
32513160
32513187
32513195
32518877
32518885
32518915
32519961
32519996
32520125
32526004
32526020
32526039
32526071
32526080
32526136
32526152
32526179
32526187
32526217
32526225
32526233
32526241
32526268
32526276
32531280
32531299
32531345
32531370
32531914
32531922
32531949
32531957
32533001
32535584
32535592
32535606
32539454
32540777
32540785
32540793
32540815
32540823
32540831
32540858
32540866
32545880
32547120
32547139
32547147
32547155
32547163
32547171
32547180
32547201
32550991
32552330
32552356
32552364
32552372
32552380
32552399
32552402
32552429
32552437
32552453
32552461
32556552
32556560
32556579
32557027
32557035
32557043
32562015
32563045
32563061
32563070
32566050
32566068
32566076
32566092
32566106
32566114
32566190
32566203
32566246
32566262
32569811
32569838
32569854
32576851
32576860
32576908
32576932
32576940
32576975
32576983
32581947
32581955
32581963
32581980
32581998
32582012
32582594
32582608
32582616
32587826
32587834
32587877
32587893
32587907
32587915
32587923
32587931
32591088
32591150
32591908
32592490
32592504
32592512
32592520
32592539
32592547
32596999
32597110
32597498
32597501
32597510
32597552
32597560
32597579
32603972
32603999
32604005
32604013
32604021
32604064
32604072
32604080
32604099
32604102
32604110
32604129
32604145
32604153
32608759
32608791
32608813
32608821
32608830
32608848
32614378
32614394
32614408
32614416
32614432
32614440
32614459
32614467
32614882
32618205
32618230
32618248
32619413
32619421
32619456
32619464
32619480
32621278
32621294
32621308
32621316
32621324
32623341
32623368
32626429
32630217
32630225
32630233
32630250
32630276
32630284
32630292
32630314
32634677
32634685
32634693
32634707
32634715
32634758
32634766
32638164
32639054
32639097
32639119
32639151
32639160
32639208
32644107
32644115
32644131
32644166
32648826
32648842
32648877
32648885
32648907
32648940
32648958
32649686
32649694
32649708
32649732
32649759
32649767
32649775
32649791
32649805
32655513
32655530
32655556
32655602
32655637
32655661
32655688
32655696
32655700
32661060
32662456
32662464
32662499
32662510
32662537
32662553
32662561
32662588
32662600
32669586
32669608
32669632
32669640
32669659
32669675
32669683
32669691
32669705
32675022
32675049
32675057
32675065
32675804
32675812
32679806
32679814
32679822
32679830
32679857
32679881
32679890
32687566
32687582
32687590
32687647
32687655
32687663
32687671
32687698
32687701
32687710
32687728
32687736
32687744
32687752
32688995
32695038
32695062
32695097
32695100
32695119
32695135
32695151
32695178
32695194
32695208
32700398
32700401
32700410
32700428
32700436
32701393
32701415
32701458
32701504
32701580
32701610
32702194
32705646
32707418
32707450
32707469
32707477
32707485
32707493
32707515
32707523
32707531
32707558
32711834
32711850
32711877
32711923
32711974
32718204
32718212
32718220
32718255
32724699
32724710
32724729
32724737
32724761
32724788
32724796
32724800
32724826
32724842
32725783
32725791
32725805
32725813
32725821
32725848
32730135
32730151
32730160
32730178
32730194
32730208
32730216
32730240
32730275
32730283
32730488
32730496
32736049
32736057
32736081
32736103
32736120
32736138
32736146
32736260
32739347
32739410
32739983
32739991
32745730
32745748
32745764
32745780
32745799
32746468
32746492
32746506
32746514
32749260
32749286
32749294
32749332
32750337
32750523
32753090
32753104
32753120
32753139
32753147
32753155
32753198
32753210
32753236
32753244
32753279
32753287
32753295
32753309
32753317
32753325
32753333
32753350
32758578
32758586
32758608
32758624
32758640
32758659
32759131
32759140
32759158
32759182
32759190
32759204
32759212
32759638
32759646
32759662
32759689
32759697
32759719
32760233
32760780
32765044
32765079
32765087
32766708
32766716
32767983
32770733
32771453
32771461
