19139558
19139566
19139574
19139582
19139590
19139604
19139612
19139639
19139655
19139698
19139752
19139760
19139779
19139809
19139841
19139876
19143109
19143125
19143176
19143184
19143214
19143230
19143265
19143273
19143281
19143303
19146938
19146946
19146954
19147020
19153498
19153528
19153579
19153587
19153595
19157740
19157759
19157767
19157783
19157805
19157813
19157821
19157830
19157856
19157937
19160150
19160207
19160215
19160223
19160231
19160258
19160266
19160290
19160320
19162330
19162356
19162364
19162372
19162380
19162399
19162402
19162437
19162445
19162453
19162461
19162496
19162500
19168138
19168162
19168170
19168189
19168197
19168200
19168219
19168227
19168235
19168260
19168286
19171168
19171184
19171206
19171222
19171230
19171249
19171257
19171265
19171273
19175984
19176009
19176025
19176033
19176041
19176050
19176068
19176149
19176181
19180921
19180930
19180948
19180972
19180999
19181005
19181048
19181056
19181870
19184265
19184273
19184303
19184354
19184362
19184397
19184443
19184451
19184460
19190976
19190984
19190992
19191009
19191017
19191033
19191068
19194935
19194978
19195000
19195035
19195043
19195078
19195108
19195116
19195132
19195159
19195191
19195205
19197656
19197672
19197680
19197702
19197796
19197834
19197850
19197869
19197885
19197907
19206266
19206274
19206290
19206339
19206347
19206355
19206371
19206398
19206401
19206444
19206487
19207148
19207156
19207164
19207172
19207237
19207253
19207270
19207300
19207318
19207334
19208178
19214528
19214536
19214587
19217508
19217524
19217559
19217575
19217656
19217672
19217702
19217770
19217788
19226255
19226344
19226352
19229294
19229332
19229340
19229359
19229367
19229375
19229383
19229405
19229413
19229421
19229448
19229464
19229472
19229502
19229510
19233791
19236739
19236747
19236763
19236771
19236780
19236801
19236810
19236852
19236860
19238853
19238870
19238888
19238896
19238918
19238969
19239042
19243531
19243558
19243574
19243590
19243604
19243612
19243620
19243639
19243647
19243671
19243698
19256620
19256639
19256671
19256680
19256728
19256736
19256752
19274350
19275622
19275630
19275649
19275657
19275673
19275681
19275690
19275703
19275738
19275746
19275754
19275789
19275797
19275800
19275819
19275835
19284531
19284540
19284558
19284582
19284620
19284639
19315115
19315131
19315140
19315158
19315166
19315174
19315182
19315190
19315204
19315212
19315239
19315255
19315263
19315298
19315344
19315352
19315522
19332655
19377886
19377940
19378318
19378326
19378334
19378350
19378369
19378415
19378440
19378458
19378466
19378474
19378482
19491790
19491839
19491855
19491863
19491871
19491880
19491898
19491901
19491910
19491928
19491936
19491960
19491979
19492001
19492010
19492028
19492044
19492087
19492117
19492150
19492192
19492206
19492222
19492249
19492265
19492281
19492311
19503054
19543784
19584350
19584393
19584407
19584431
19584440
19584466
19584490
19584520
19671520
19671538
19671546
19671562
19671627
19671643
19671686
19671732
19671759
19737730
19746304
19746592
19746606
19746630
19746649
19746657
19746665
19834201
19938741
19938814
19938865
19938873
19938881
19938890
19938903
19938911
19938920
19938938
19938954
19938989
19939003
19939020
19939054
19939062
19939070
19939097
19939100
19939135
19939178
19939186
19939208
19939240
19939275
19989362
20015448
20015456
20015464
20015472
20015499
20015502
20015510
20015553
20015570
20062784
20062806
20062857
20062881
20062890
20062938
20062946
20062989
20062997
20063003
20063011
20063038
20063054
20063062
20063070
20063089
20063100
20078462
20078470
20101751
20101760
20101778
20101786
20101794
20101824
20101832
20101875
20101883
20101891
20101905
20104260
20104278
20104294
20104308
20104316
20104340
20151946
20168727
20168735
20168743
20168760
20168808
20168816
20168824
20168840
20168867
20168875
20168883
20168891
20168913
20181700
20181750
20181777
20181785
20181793
20181807
20181815
20181823
20227572
20227629
20227645
20227653
20227696
20227726
20227734
20227793
20227815
20227831
20227858
20227866
20227874
20227882
20227890
20227904
20227912
20227920
20227939
20227947
20227955
20227963
20282437
20282461
20282500
20282518
20282526
20282577
20285778
20314288
20314296
20314334
20314342
20314350
20314369
20314385
20314393
20314415
20314440
20314458
20314466
20330054
20359166
20359174
20359190
20359212
20359255
20359263
20359298
20359310
20359328
20359344
20359352
20362480
20362498
20362510
20362536
20362544
20362579
20362587
20405866
20438936
20439273
20439290
20439303
20439311
20439338
20439346
20439354
20439389
20439397
20439427
20439435
20439460
20439486
20439516
20439532
20439540
20439559
20439567
20439630
20439648
20439664
20439699
20439702
20463573
20463590
20463620
20463654
20463662
20463670
20463697
20463727
20463743
20463760
20463786
20463808
20463816
20463840
20463867
20463883
20463891
20463921
20464781
20464803
20464811
20464820
20464846
20464854
20464897
20464919
20464927
20464943
20492170
20492196
20492277
20492285
20492340
20492366
20492390
20492404
20492412
20492455
20525501
20550092
20550114
20550122
20550149
20550157
20550173
20550190
20550203
20550211
20550289
20550297
20550300
20550319
20550378
20550386
20550394
20550408
20550440
20550459
20550548
20550556
20550564
20550572
20550599
20550610
20550629
20550637
20550661
20550670
20550688
20572031
20572058
20572074
20572090
20572201
20603731
20603740
20603820
20603898
20603936
20658320
20658338
20658346
20658362
20658370
20658389
20658397
20658451
20685049
20685065
20685090
20685103
20685146
20685170
20713580
20713602
20713637
20713653
20713670
20713700
20713734
20713742
20713750
20722031
20722066
20722082
20722104
20722147
20722252
20722287
20743565
20743581
20743590
20743603
20743611
20743646
20743662
20743670
20743719
20743735
20743743
20743794
20743816
20766887
20766909
20766925
20766984
20767009
20767025
20767033
20767084
20767114
20767130
20767157
20767165
20767203
20796683
20796691
20796730
20796764
20796772
20796780
20796799
20796810
20796829
20796900
20796918
20807189
20807197
20807200
20807227
20807235
20807243
20807251
20807308
20807316
20807324
20807340
20847779
20848839
20848928
20848952
20848960
20848979
20849052
20881711
20881746
20882130
20882164
20882172
20882180
20882229
20882237
20898403
20898411
20898420
20898446
20898462
20898500
20898527
20898543
20898551
20898578
20898616
20898632
20898640
20899085
20943164
20943172
20943180
20943202
20943210
20943229
20943270
20943296
20943300
20943318
20943334
20943342
20943369
20943377
20943385
20943393
20943431
20943440
20943482
20943512
20943520
20943547
20943571
20943580
20943601
20943610
20943636
20943644
20943660
20943679
20943695
20943725
20943750
20943849
20943857
20943873
20960580
20960599
20960610
20960629
20960661
20960688
20960696
20960718
20960726
20960750
20960785
20960815
20960874
20960882
20960920
20985674
20985690
20985704
20985739
20985798
20986645
20996401
20996410
20996428
20996452
20996479
20996495
20996525
21012547
21012563
21012571
21012610
21012636
21012660
21012687
21012709
21012717
21012903
21012911
21012962
21013054
21027670
21027688
21027696
21027700
21027718
21027726
21027750
21027769
21027777
21027793
21027815
21027823
21027831
21035036
21035052
21035060
21035079
21035087
21035117
21035133
21035141
21035150
21059884
21059892
21059957
21059965
21059981
21059990
21060005
21060013
21060048
21060056
21060064
21060072
21068319
21073625
21073668
21073692
21073757
21073765
21073773
21073803
21073838
21073854
21073862
21075448
21087760
21087825
21087884
21087914
21087922
21087957
21087965
21087973
21087990
21088014
21088022
21088049
21088057
21088065
21088090
21088154
21088162
21088170
21088189
