24460898
24460901
24460910
24460928
24460952
24460995
24461001
24467900
24467942
24467977
24468000
24468018
24468026
24471528
24471544
24471579
24476096
24476126
24476142
24476150
24476185
24476193
24476207
24476215
24476223
24476240
24476266
24479238
24480402
24480410
24481920
24485469
24485540
24485566
24485612
24485620
24489398
24489401
24489428
24489444
24489487
24489517
24489568
24496379
24501629
24501637
24501645
24501688
24501696
24501700
24501726
24503409
24503425
24503450
24503530
24503565
24503573
24503603
24508996
24509002
24509010
24509029
24509070
24509096
24509126
24509134
24514386
24514394
24514408
24514416
24514424
24514432
24514459
24514467
24514491
24520981
24520990
24521049
24521057
24521065
24521073
24521090
24521111
24521120
24521138
24528624
24528632
24528640
24528659
24528667
24528683
24528691
24528713
24528721
24528748
24528756
24528764
24528802
24528829
24533760
24533787
24533833
24533868
24533884
24533892
24540792
24540806
24540822
24543918
24546388
24546396
24546426
24552339
24552347
24552363
24552371
24552401
24552428
24552487
24552509
24552525
24556519
24560137
24563249
24563265
24563303
24563311
24563338
24563346
24563362
24563389
24563400
24566482
24566490
24571519
24571535
24571543
24571551
24571586
24571594
24571616
24571624
24571659
24571675
24571683
24571691
24571705
24571713
24571721
24575294
24580592
24583025
24583041
24583084
24583106
24583785
24583793
24583823
24583831
24583882
24583890
24583939
24584055
24584063
24584128
24584136
24584152
24584160
24584179
24589931
24589940
24589966
24589974
24589982
24590022
24590057
24590081
24590103
24590111
24590120
24591923
24591931
24591940
24591958
24591966
24591974
24592023
24592139
24597314
24597373
24597381
24602577
24602763
24604497
24604527
24604535
24604551
24604586
24604608
24614342
24614350
24614369
24614377
24614385
24614407
24614415
24614423
24614466
24614474
24614482
24614504
24618565
24618573
24618581
24618611
24618638
24618654
24625031
24625058
24625066
24625082
24625090
24625104
24625112
24625120
24627130
24632055
24632063
24632071
24632080
24632098
24632136
24632144
24632152
24632160
24632225
24632608
24638503
24638520
24638546
24638570
24638589
24638597
24638600
24638619
24638627
24638651
24638660
24638708
24638716
24638732
24647099
24649014
24650337
24650345
24650353
24650418
24650442
24650450
24650817
24650833
24650841
24650868
24650876
24650892
24650906
24650914
24650930
24650949
24650957
24650973
24657980
24657998
24658020
24658063
24658071
24658098
24658101
24658110
24658128
24658136
24658152
24658160
24658640
24665524
24665540
24665567
24665575
24665583
24665591
24665621
24665664
24665672
24667320
24673845
24673861
24673888
24673900
24673918
24673926
24673934
24673969
24673977
24674000
24674018
24674026
24674034
24674042
24674050
24674069
24675366
24677332
24677340
24677367
24677421
24677430
24685173
24685203
24685211
24685238
24685270
24685297
24685319
24685378
24692421
24692464
24692472
24692480
24692502
24692529
24692537
24692545
24692553
24692588
24692596
24700702
24700796
24700826
24700842
24700877
24700915
24700931
24700940
24704755
24704771
24704801
24704810
24704828
24704879
24704895
24704925
24704941
24704950
24704968
24710315
24710323
24710331
24710358
24710439
24716040
24716059
24716105
24716113
24716148
24724957
24724973
24725006
24725014
24725049
24725057
24725065
24725081
24725090
24725103
24728347
24730339
24730355
24730371
24730398
24730401
24730428
24730452
24730487
24730495
24730517
24730525
24736730
24736757
24736773
24736897
24736919
24736943
24736951
24736960
24736986
24737027
24740227
24744237
24744253
24744261
24744270
24744288
24744300
24744342
24744377
24744385
24744393
24744407
24747772
24750506
24750514
24750573
24750581
24750590
24750620
24750638
24750646
24750654
24750662
24757911
24757970
24757989
24758011
24758038
24758046
24758070
24761246
24764072
24764099
24764102
24764110
24764137
24764153
24764161
24764188
24764200
24764218
24764234
24770015
24770040
24770058
24770066
24770074
24770090
24770104
24770139
24770147
24770155
24770180
24770198
24770210
24775837
24775845
24775853
24775888
24775900
24775926
24775934
24778914
24778922
24782230
24782273
24782290
24782303
24782354
24782362
24782419
24782427
24782478
24782494
24787297
24787300
24787335
24787343
24787424
24792366
24792374
24792390
24792404
24792439
24792463
24799569
24800086
24800108
24800116
24800124
24800132
24800140
24800175
24800183
24805814
24805822
24805830
24805857
24805865
24805890
24805911
24805920
24805989
24812382
24812404
24812412
24812420
24812455
24812463
24812498
24812501
24812552
24812560
24812579
24812587
24812595
24812609
24812617
24812625
24816864
24816880
24816910
24816953
24816970
24817002
24817037
24823870
24823900
24823950
24823969
24823985
24823993
24824018
24824026
24827588
24829066
24829074
24829090
24829112
24829120
24829155
24829163
24829180
24829201
24829210
24835394
24835408
24835416
24835432
24835459
24835467
24835475
24835483
24843320
24843338
24843346
24843362
24843389
24843400
24843419
24843427
24843443
24843451
24843478
24843516
24843524
24843532
24843540
24843559
24843575
24843583
24847984
24848009
24848041
24848050
24848068
24848076
24848084
24848106
24848114
24848149
24848157
24849799
24855030
24855049
24855073
24855090
24862844
24862879
24862909
24862933
24862941
24862950
24862968
24862976
24863017
24863033
24863050
24863084
24863122
24863130
24863149
24863157
24870723
24870758
24870766
24870782
24870790
24870812
24870847
24870855
24870863
24870898
24870901
24870910
24871400
24873410
24873428
24873436
24873444
24873452
24873460
24873479
24873495
24873533
24873541
24873550
24873568
24873584
24873592
24881676
24881722
24881773
24881803
24881811
24881820
24881838
24881846
24881870
24885090
24885104
24885112
24885155
24885171
24885180
24885198
24885201
24885244
24885252
24885279
24885287
24885295
24885309
24885317
24891025
24891050
24891084
24891122
24891149
24891157
24891629
24898856
24898902
24898945
24898953
24898961
24898970
24898988
24898996
24899010
24904583
24904591
24904630
24904656
24904672
24904680
24904699
24904729
24904761
24906592
24906606
24906614
24906622
24906665
24906681
24906690
24910453
24910461
24910470
24910488
24910496
24913131
24913158
24923593
24923607
24923615
24923623
24923984
24923992
24924025
24929804
24929812
24929839
24929847
24929855
24929863
24934258
24934282
24939581
24939590
24939654
24945567
24945575
24945583
24945591
24945605
24945613
24945621
24945630
24945656
24945672
24954654
24954662
24954670
24954697
24956434
24973265
24973273
24973303
24973354
24973362
24973370
24973389
24973397
24973419
24973435
24973443
24973451
24973460
24973478
24978068
24978114
24978122
24978130
24978149
24978157
24981195
24981209
24981217
24981225
24981233
24981241
24985677
24993483
24993513
24993521
24993548
24993572
24996560
25000600
25000626
25000669
25000677
25000693
25000715
25000731
25000766
25000812
25010182
25010190
25010204
25010212
25010239
25010255
25010263
25010271
25010328
25010336
25010352
25010387
25010395
25010417
25010425
25010441
25010476
25010484
25010492
25010506
25010522
25010549
25017784
25017792
25017830
25017849
25017873
25017881
25017946
25026871
25026898
25026936
25026979
25034149
25034157
25034173
25034190
25034203
25034211
25034238
25034270
25034289
25034297
25034300
25034319
25034335
25042338
25046550
25046569
25046577
25046593
25046615
25046623
25046631
25051298
25051301
25051328
25051336
25051352
25051360
25051379
25051387
25051409
25051417
25051425
25052994
25053035
25063683
25063705
25063713
25063721
25063730
25063756
25063780
25063799
25063802
25063810
25063829
25063837
25063845
25063853
