35274246
35278531
35278540
35278558
35278574
35278582
35278604
35278620
35278655
35278663
35278671
35278680
35278698
35282826
35282834
35282877
35283660
35283694
35288241
35288250
35288268
35288284
35288292
35289158
35289166
35289190
35289204
35289212
35293302
35293310
35293337
35293345
35293353
35293361
35293370
35293388
35293396
35293647
35293949
35293957
35297410
35297428
35297444
35297460
35297479
35297487
35297509
35298563
35298962
35299739
35303244
35303252
35303260
35303279
35303309
35303333
35303341
35308551
35308560
35308578
35308586
35308594
35308608
35308616
35308632
35308640
35308659
35308667
35308691
35312560
35312579
35312587
35312595
35312609
35312617
35312625
35312641
35312650
35312668
35312676
35312684
35312692
35312706
35312722
35312730
35312749
35312757
35317223
35318210
35318245
35318253
35318261
35318270
35318288
35318318
35318326
35318334
35318342
35321259
35321267
35321313
35327197
35327200
35327243
35327502
35327510
35327529
35327537
35327545
35327561
35327570
35327588
35327600
35331295
35331309
35331317
35331333
35331341
35331350
35331392
35331414
35331430
35336799
35336810
35336829
35336837
35336853
35336861
35336900
35336918
35336926
35336934
35336942
35336950
35336969
35336977
35336985
35337000
35341280
35341302
35341310
35341337
35341361
35341370
35341388
35342413
35342430
35342448
35345991
35346008
35346016
35346024
35346059
35346067
35346075
35346083
35346091
35346105
35346113
35346199
35346709
35351276
35351284
35351292
35351306
35351322
35351330
35351349
35351357
35351551
35355022
35355030
35355057
35355065
35355081
35355090
35355103
35355111
35355120
35355685
35355693
35355707
35355715
35356699
35356702
35359334
35359342
35359350
35361997
35362003
35364551
35364560
35364578
35364594
35364608
35364624
35364632
35367795
35367809
35367833
35367841
35369885
35369893
35369907
35369940
35371290
35371303
35371311
35371320
35371346
35373886
35373894
35373908
35377004
35377020
35377039
35377047
35377055
35381846
35381854
35381889
35381897
35381900
35381919
35381927
35381935
35381943
35381951
35381960
35381978
35381986
35381994
35384656
35387504
35387520
35387539
35387547
35387563
35390631
35390640
35391831
35391840
35391866
35395035
35395043
35397494
35397508
35397516
35397524
35397540
35397559
35397567
35397583
35397591
35397613
35397621
35398180
35404770
35404788
35404796
35404800
35404818
35404826
35404834
35404850
35404877
35404893
35404915
35404923
35410470
35410534
35410550
35410593
35410607
35410615
35410631
35410674
35412055
35412063
35412071
35412080
35412098
35412110
35412136
35412144
35412152
35414757
35420848
35420856
35420864
35420872
35420910
35420929
35420937
35420945
35420953
35420961
35420970
35420988
35420996
35421002
35421029
35421037
35421045
35428710
35428728
35428736
35428744
35428760
35428779
35428787
35428795
35428809
35428817
35428833
35428841
35428850
35428868
35428876
35428892
35428906
35428922
35428930
35429596
35429936
35435377
35435393
35435407
35435415
35435423
35435431
35435750
35435768
35435776
35435784
35435792
35435814
35435822
35435830
35435849
35435865
35435873
35435890
35435903
35435911
35445370
35445389
35445400
35445419
35445451
35445478
35445486
35458125
35458133
35458141
35458150
35458222
35458249
35458257
35458281
35458290
35458311
35458575
35458583
35458591
35458605
35458613
35458621
35458630
35458648
35469809
35469833
35469841
35471434
35471442
35471450
35471477
35471485
35471493
35471507
35471515
35471523
35471531
35471540
35480432
35480440
35480467
35480475
35480483
35480530
35480548
35480556
35480564
35480572
35480580
35480599
35495093
35495107
35498464
35498480
35498502
35498529
35498537
35498545
35498553
35498561
35498570
35498588
35498596
35498600
35498626
35498642
35498669
35498685
35498693
35498707
35498715
35498731
35498740
35498758
35498766
35498774
35498820
35511610
35511628
35511644
35511660
35511695
35511709
35511733
35511741
35511750
35512372
35512380
35512399
35512402
35512429
35513866
35527063
35527071
35527080
35527098
35527101
35527179
35527187
35527195
35527217
35527225
35527241
35527268
35527357
35527365
35527373
35527381
35529048
35529072
35530301
35542810
35542829
35542837
35542861
35542888
35542926
35542950
35542969
35542977
35543000
35543026
35543034
35543069
35557005
35557013
35557021
35557048
35557056
35557072
35557137
35557145
35557153
35557188
35557196
35566658
35566666
35569816
35569832
35569840
35569867
35569875
35569883
35570845
35570853
35570870
35570888
35570896
35570900
35580997
35581011
35581038
35581046
35581054
35581720
35581739
35581747
35581763
35581780
35581798
35581810
35581828
35581836
35581844
35581895
35590176
35590184
35590222
35590249
35590257
35593423
35593431
35593440
35593466
35593474
35593482
35593490
35593504
35593512
35593539
35593555
35593563
35593571
35601550
35601569
35601577
35601593
35601615
35604301
35604310
35604328
35604344
35604352
35604360
35604387
35604395
35604409
35604417
35609236
35609244
35609252
35609279
35609325
35609333
35609341
35609350
35609406
35609414
35609422
35618374
35618382
35618404
35618412
35618420
35618439
35618447
35618480
35618498
35618501
35618536
35618560
35618579
35618951
35627780
35627798
35627801
35627810
35627828
35627836
35627844
35627860
35627879
35627895
35627909
35628505
35628513
35628521
35628548
35628572
35628580
35628599
35628602
35635642
35635650
35635677
35635685
35635693
35635707
35635715
35635910
35635928
35635936
35635952
35635960
35635987
35642844
35642852
35643459
35643475
35643483
35645042
35645069
35645077
35645093
35645107
35645115
35651249
35651257
35651281
35651311
35651338
35651346
35651354
35651370
35651389
35651397
35651427
35651435
35651443
35657470
35657489
35657519
35657527
35657543
35657551
35657586
35657608
35657632
35657640
35657659
35658662
35664486
35664516
35664524
35664532
35664540
35664583
35664591
35664826
35664834
35664842
35664850
35665201
35665210
35665228
35665236
35665244
35665252
35665279
35673395
35673417
35673425
35673441
35673450
35673468
35674390
35674404
35674412
35674455
35676138
35676146
35676154
35676162
35676170
35676189
35676197
35676200
35676219
35676235
35676243
35676251
35676260
35676278
35685837
35685853
35685870
35685888
35685896
35685900
35685918
35685926
35685934
35685969
35685985
35686018
35686026
35686034
35686042
35686050
35686069
35686085
35688248
35688256
35688264
35688272
35688302
35688329
35688370
35696631
35696640
35696658
35696674
35696682
35696690
35696704
35696712
35696739
35696747
35696755
35696763
35696771
35696780
35696798
35696801
35696828
35696844
35696852
35697416
35697424
35697688
35697696
35697700
35702849
35702881
35702890
35702903
35702911
35702920
35705217
35705225
35705241
35705250
35705276
35705284
35705314
35711626
35711634
35711642
35711669
35711685
35711693
35711707
35712753
35712770
35712818
35712826
35712834
35712850
35712869
35719069
35719085
35719123
35719131
35720217
35720225
35720233
35720241
35720276
35720284
35720292
35720306
35720314
35720322
35720330
35726660
35726694
35726708
35726716
35726724
35726732
35726740
35726759
35726775
35726783
35726791
35727436
35727444
35727452
35727460
35727479
35727487
35733705
35733713
35733721
35733748
35733756
35733764
35733780
35733799
35733802
35733810
35733837
35733870
35733888
35733896
35733918
35734212
35734255
35738915
35740800
35740818
35740826
35740834
35740842
35740850
35740869
35740877
35740893
35740907
35740915
35740931
35741635
35741651
35741660
35742819
35742851
35742860
35750218
35750226
35750234
35750250
35750269
35750811
35750838
35750846
35750854
35750862
35753150
35753168
35753176
35753206
35753214
35753222
35753230
35753249
35753257
35753265
35758300
35758319
