37816262
37816270
37816289
37816300
37816319
37816335
37816777
37816785
37816793
37816807
37816815
37816823
37816840
37816874
37816890
37817535
37817560
37817578
37817616
37817624
37817632
37817640
37817659
37817667
37817675
37817683
37817691
37817713
37817721
37817730
37817756
37817764
37817772
37817780
37817802
37817810
37817829
37817837
37827652
37827660
37827695
37827709
37827717
37827725
37827741
37827768
37827776
37827830
37827849
37827857
37827873
37827881
37827911
37827920
37827938
37827946
37827954
37827970
37827997
37828020
37828038
37828046
37828062
37828070
37828089
37828100
37835574
37835582
37835590
37835604
37835612
37835620
37835639
37835647
37835663
37835671
37835701
37835736
37835744
37835752
37835809
37835833
37835841
37835868
37835884
37835892
37835906
37835914
37835930
37835957
37836421
37836480
37842938
37842970
37843003
37843020
37843054
37843062
37843070
37843089
37843976
37843984
37843992
37844009
37844017
37844025
37844033
37844041
37844068
37844076
37844092
37844114
37844122
37844130
37844149
37844475
37844491
37844505
37844513
37844521
37844530
37844734
37846581
37852532
37852559
37852567
37852575
37852770
37852788
37852796
37852818
37852826
37852834
37852842
37852877
37852885
37852893
37852931
37852958
37852966
37853554
37853562
37853589
37853600
37853619
37853627
37853635
37853643
37853651
37853759
37853767
37853775
37853783
37853821
37853830
37853848
37856275
37861328
37861336
37861344
37861360
37861379
37861425
37861433
37861450
37861514
37862897
37862919
37862927
37862935
37862951
37862960
37862978
37862986
37862994
37863000
37863019
37863027
37863035
37863043
37863051
37863060
37863086
37863116
37863124
37863159
37863167
37870628
37870679
37870695
37870709
37871313
37871348
37871364
37871380
37871399
37871402
37871437
37873004
37873047
37873055
37873071
37873080
37873101
37873144
37873152
37873160
37873187
37873195
37873217
37873241
37873250
37873268
37873276
37873284
37873292
37873306
37873314
37873322
37873330
37873349
37879899
37882592
37882606
37882614
37882622
37882681
37882690
37882711
37882720
37882754
37882770
37882797
37882827
37882835
37882860
37882878
37882894
37882908
37882916
37888447
37888455
37888471
37888480
37888498
37888510
37888528
37888536
37888544
37888552
37888560
37888579
37888587
37888633
37888641
37888668
37888684
37889140
37889159
37889604
37889612
37889620
37889639
37889663
37889680
37889698
37889701
37889728
37889990
37890005
37890021
37891698
37898793
37898807
37898815
37898823
37898840
37898858
37898866
37898874
37898890
37898904
37898912
37898920
37898971
37898980
37898998
37899853
37899861
37899870
37899918
37899934
37899969
37899985
37899993
37900010
37900044
37900460
37900486
37900516
37903164
37903172
37903180
37903199
37903229
37903237
37903245
37903296
37903342
37903369
37912073
37912081
37912090
37912103
37912120
37912138
37912146
37912154
37912189
37912197
37912200
37912219
37912235
37912243
37912251
37912260
37912278
37912286
37912308
37912324
37912332
37912340
37913001
37913010
37913028
37913036
37913044
37913052
37913087
37913117
37913168
37913176
37913206
37913230
37913249
37913265
37913281
37913290
37913311
37913320
37913346
37913354
37913370
37913389
37913397
37913400
37913435
37913451
37921314
37921950
37921969
37921977
37921993
37922000
37922018
37922026
37922034
37922450
37922468
37922476
37922492
37922506
37922514
37922522
37922530
37922573
37922590
37922611
37922646
37922662
37923153
37923161
37923170
37923188
37923196
37923200
37923218
37923226
37923250
37923285
37923315
37923340
37923358
37923366
37923439
37923463
37923480
37923498
37923501
37932194
37932224
37932267
37932305
37932356
37932364
37934977
37935034
37935042
37935050
37935069
37935085
37935093
37935107
37935115
37935123
37935131
37935140
37935158
37935174
37935182
37935190
37935212
37935220
37935255
37935263
37935271
37935280
37935310
37935328
37935344
37935352
37935387
37935409
37935417
37935433
37935450
37935506
37935522
37935530
37935549
37935557
37935565
37935573
37935581
37935603
37935611
37943452
37943495
37947063
37952035
37953782
37953790
37953804
37953812
37953820
37953839
37953847
37953855
37953871
37953880
37953901
37953928
37953944
37953979
37953987
37954001
37954028
37954036
37954052
37954079
37954842
37954893
37954907
37954940
37954958
37954966
37954974
37954990
37955015
37955040
37955058
37955066
37955074
37955082
37955090
37955104
37955112
37955147
37955171
37955198
37955201
37955210
37955228
37955236
37956606
37956614
37956630
37956649
37956657
37956673
37956681
37956690
37956703
37956711
37956720
37956746
37956754
37956762
37956770
37956789
37956835
37956860
37956894
37956916
37956924
37957458
37957466
37957474
37957504
37957520
37957539
37957555
37957563
37957571
37957598
37957636
37957652
37958640
37958666
37958674
37958682
37958704
37958720
37958739
37958747
37958763
37958771
37958780
37958798
37958801
37958810
37958836
37958852
37958860
37958879
37958895
37958925
37958941
37959300
37959327
37959351
37959360
37959378
37959394
37959408
37959416
37959475
37959483
37959491
37959513
37959521
37959530
37959548
37959556
37959564
37959572
37959629
37959637
37971622
37971657
37971665
37971703
37971720
37971738
37971754
37972571
37972580
37972598
37972601
37972628
37972644
37972660
37972679
37972717
37972725
37972733
37972741
37973640
37973658
37973666
37973682
37973720
37973747
37974874
37981138
37981146
37983260
37983287
37983333
37983341
37983350
37983368
37983376
37983384
37983961
37989638
37989646
37989662
37989670
37989689
37990144
37990152
37994723
37994731
37994740
37994758
37994766
37994774
37994804
37994820
37994847
37994855
37994863
37994871
37994880
37994901
37994928
37994944
38001011
38001020
38001038
38001054
38001062
38001070
38001097
38001100
38001119
38001127
38001135
38001739
38002289
38005501
38007189
38007197
38007200
38007219
38007227
38007235
38007243
38007251
38007260
38007278
38013903
38013911
38013954
38013962
38013970
38013989
38013997
38014003
38014011
38014577
38014585
38014615
38014623
38018943
38018951
38018978
38018986
38019000
38019019
38019027
38019035
38019043
38019051
38019060
38019086
38019094
38019108
38019116
38019329
38019345
38019353
38019361
38019370
38023826
38023834
38023877
38023885
38023893
38023923
38024198
38024210
38024252
38024279
38025428
38025436
38025444
38025460
38029756
38029764
38029772
38029780
38030211
38030220
38030246
38030254
38030262
38030270
38030300
38035430
38035456
38035480
38035979
38035987
38036001
38036010
38036028
38036036
38036109
38036117
38036125
38036141
38036150
38036583
38036591
38036605
38036613
38036907
38040010
38040029
38041725
38041733
38041741
38041768
38041776
38041792
38041806
38041830
38042445
38042453
38042461
38042470
38042496
38042500
38042518
38042526
38042534
38042542
38046226
38046269
38046277
38046285
38046293
38046811
38047060
38047760
38047779
38050235
38050243
38050251
38050278
38050405
38050413
38050421
38050430
38050456
38050480
38051303
38051311
38056289
38056300
38056319
38056327
38056335
38056343
38056351
38056386
38056394
38056416
38056696
38056700
38056718
38056734
38056742
38057357
38057365
38057373
38057403
38057942
38057950
38057969
38057993
38062221
38062248
38062256
38062264
38062736
38062752
38063278
38063286
38063294
38063308
38063324
38063332
38063340
38067997
38068020
38068526
38068534
38068542
38068550
38076987
38077036
38077079
38077494
38077508
38077516
38077524
38077532
38077540
38077559
38077931
38082423
38082431
38082466
38083593
38083941
38083950
38083968
38083976
38083984
38086247
38088426
38088507
38088752
38088760
38088787
38088795
38088817
38088833
38088841
38088850
38089421
38089430
