18707897
18707919
18707927
18707943
18707951
18707960
18707978
18713414
18713422
18713449
18713465
18713481
18713503
18713511
18713520
18717459
18717467
18717475
18717505
18717513
18717521
18717564
18717599
18722374
18722382
18722390
18722463
18722471
18722498
18722501
18722528
18727118
18727134
18727150
18727169
18727177
18727185
18730598
18730644
18730687
18730695
18730741
18730768
18730806
18730822
18730830
18730849
18730873
18730911
18730920
18730938
18730946
18730954
18735072
18735153
18735161
18735170
18735196
18735234
18735277
18735285
18739546
18739570
18739589
18739627
18739643
18739660
18744640
18744666
18744690
18744704
18744755
18744763
18744771
18744780
18744798
18744810
18744828
18749493
18749515
18749523
18749531
18749574
18751841
18751850
18751868
18751906
18751914
18752006
18752014
18752022
18754694
18756610
18756628
18756644
18756652
18756660
18756679
18756695
18756709
18756717
18756725
18756733
18756768
18761195
18761209
18761233
18761241
18761250
18761276
18761292
18761314
18761365
18764760
18764795
18764841
18764884
18764914
18764930
18764957
18769148
18769156
18769164
18769172
18769199
18769237
18769245
18769253
18769261
18773424
18773459
18773483
18773491
18773548
18773564
18773572
18773599
18773602
18773629
18773645
18776935
18777361
18777388
18777477
18781060
18781079
18781087
18781125
18781168
18781184
18781745
18785569
18785585
18785615
18785623
18785640
18788530
18788565
18788581
18788590
18788603
18788620
18788638
18788646
18788654
18788662
18788697
18793545
18793561
18793570
18793626
18793634
18793650
18793669
18793685
18793715
18793731
18795708
18797806
18797849
18797857
18797865
18797873
18801923
18801958
18801974
18801982
18802015
18802040
18802058
18802066
18802090
18802120
18806009
18806017
18806025
18806033
18806041
18806050
18806076
18806084
18806106
18806114
18806246
18808751
18810018
18810026
18810042
18810077
18810107
18810123
18814397
18814400
18814419
18814427
18814494
18814508
18819190
18819211
18819220
18819246
18819262
18819297
18819300
18819327
18819378
18819408
18819424
18819432
18824536
18824544
18824560
18824579
18824609
18824617
18826898
18826910
18826928
18826952
18826979
18830880
18830899
18830910
18830945
18830953
18830961
18830970
18830996
18831010
18831029
18831037
18831045
18831061
18831070
18834831
18834866
18834874
18834890
18834904
18834920
18834939
18834947
18834963
18834980
18834998
18835004
18835063
18836328
18839235
18839286
18839308
18839316
18839340
18839375
18839391
18839405
18839413
18839421
18839448
18839456
18839472
18839499
18842087
18842095
18842117
18842125
18842133
18842141
18842150
18842168
18842184
18842206
18842230
18849905
18849913
18849921
18849956
18849964
18849980
18850004
18850012
18850047
18850101
18850136
18854731
18854740
18854766
18854774
18854790
18854820
18854839
18854847
18854901
18854928
18858113
18858130
18858148
18858199
18862661
18862670
18862688
18862696
18862700
18862718
18862750
18862769
18862785
18862807
18865781
18865811
18865820
18865854
18865862
18865978
18869333
18869341
18869350
18869368
18869414
18869430
18869449
18869465
18869481
18869490
18869503
18872584
18872606
18872614
18872681
18872690
18872720
18877905
18877930
18877964
18878013
18878064
18878080
18878099
18878145
18878153
18878188
18880846
18880862
18880900
18880919
18884635
18884643
18884651
18884678
18884686
18884708
18884716
18887690
18887739
18887771
18887780
18887801
18887836
18887844
18887852
18887860
18887879
18890963
18891004
18891012
18891039
18891047
18891055
18892603
18896117
18896125
18896133
18896141
18896150
18896176
18896184
18896192
18896206
18896214
18896222
18896451
18897112
18897163
18897171
18897228
18902952
18903192
18903230
18903257
18903265
18903273
18906687
18906695
18906709
18906784
18906792
18906822
18911241
18911268
18911284
18911292
18911306
18911314
18913080
18913803
18913811
18913820
18913838
18917457
18925360
18925387
18925476
18925514
18925530
18928952
18931206
18931214
18931257
18933061
18933070
18933118
18933126
18933142
18933150
18933193
18933223
18933231
18933240
18935364
18935372
18935410
18935429
18935437
18935445
18935453
18935461
18935470
18939854
18939889
18939900
18939919
18939978
18940000
18940034
18942701
18942710
18942728
18942744
18944907
18944958
18947849
18947857
18947911
18947938
18947954
18950615
18950658
18950666
18950682
18950690
18953905
18953921
18953930
18953956
18953964
18953980
18953999
18954013
18954030
18954048
18958996
18959002
18959029
18959053
18961126
18961134
18961142
18961169
18961177
18965411
18965420
18965438
18965446
18965489
18965500
18965519
18968094
18968116
18968124
18968159
18968175
18968191
18972974
18972982
18975903
18975911
18975920
18975954
18975989
18975997
18978861
18978888
18978896
18978926
18985214
18985249
18985257
18985273
18985303
18985320
18985346
18985370
18985400
18985427
18985435
18985460
18985478
18985486
18990857
18990865
18990938
18991585
18991593
18991615
18991658
18995579
18995595
18995617
18995633
18995641
18995676
18995684
18995692
18995706
18995714
18995757
18995781
19000222
19000265
19000303
19000320
19000338
19000354
19003261
19003369
19003377
19003393
19008960
19008978
19009000
19009035
19009043
19009329
19009400
19009434
19009442
19009450
19012901
19012910
19012952
19012960
19012987
19012995
19013001
19015576
19015592
19015606
19015614
19015622
19015630
19020017
19020041
19020050
19020068
19020076
19020084
19020092
19020106
19020114
19025774
19025790
19025812
19025839
19025847
19025880
19025898
19025910
19025928
19028584
19028622
19028630
19028649
19028657
19031431
19033343
19033351
19033378
19033394
19033408
19033424
19033440
19033459
19033467
19033483
19033505
19033513
19036978
19037000
19037035
19037051
19037060
19037108
19043568
19043592
19043606
19043614
19043657
19043711
19043746
19045380
19045429
19045437
19045445
19045453
19045755
19048794
19050425
19050433
19050468
19050476
19052051
19052086
19054451
19054486
19054508
19054516
19054540
19054559
19054567
19054575
19054591
19054605
19057997
19058038
19058046
19058062
19058089
19058097
19058100
19058119
19058151
19058178
19061904
19061920
19061939
19061947
19061955
19061963
19061980
19061998
19062012
19062039
19062047
19063042
19068201
19069274
19069282
19069290
19069320
19069363
19069428
19069436
19072237
19072245
19072296
19072300
19072334
19072342
19072377
19072385
19072393
19072407
19072431
19075519
19075527
19075560
19075586
19075616
19075624
19075632
19075640
19075683
19075705
19082800
19082818
19082834
19082877
19082907
19082923
19082931
19082940
19082958
19082966
19082974
19085679
19085687
19085695
19085709
19085725
19085733
19085750
19085768
19085792
19086160
19088195
19088217
19088225
19088233
19088241
19088250
19088276
19088292
19089590
19091794
19091808
19091867
19091905
19091913
19091921
19091930
19096350
19096392
19096430
19096449
19096457
19096481
19096490
19105520
19105652
19105733
19105741
19105750
19105768
19105792
19105806
19105814
19105822
19105873
19105881
19105890
19108250
19112188
19112200
19112218
19112226
19112250
19112269
19112293
19112307
19112331
19112340
19112374
19112382
19112390
19112412
19112420
19112439
19112447
19112455
19112463
19112471
19112480
19112498
19112528
19112536
19112544
19112552
19119666
19119704
19119747
19119755
19119771
19119801
19119836
19119844
19119852
19119860
19119895
19123853
19123861
19123870
19123900
19123918
19123926
19123950
19123993
19124018
19124026
19126124
19126140
19126175
19126191
19126205
19126272
19126280
19132126
19132177
19132193
19132207
19132215
19132231
19132240
19132258
19132274
19132282
19132800
19137530
19137549
19137565
19137603
19137646
19137654
19137689
19139507
19139523
