25063861
25066140
25066159
25066167
25066175
25066280
25068320
25072789
25077808
25077840
25077859
25077867
25077875
25077883
25077891
25077905
25077930
25077948
25084120
25084198
25084201
25084236
25084244
25088270
25100927
25100935
25100951
25100960
25100994
25101000
25103940
25108602
25109500
25109519
25109527
25109535
25109551
25109560
25109578
25109608
25109632
25109640
25109667
25113900
25113927
25113943
25113960
25113986
25113994
25114000
25114019
25114027
25114078
25114124
25127795
25127809
25127817
25127850
25127892
25127914
25127922
25127949
25127957
25137993
25138000
25138018
25138026
25145899
25145937
25145961
25146002
25146029
25146037
25146045
25157141
25157168
25157176
25157184
25157206
25157214
25157230
25157249
25157257
25157273
25162350
25162369
25162377
25162385
25162407
25162415
25162431
25162440
25162458
25173066
25173074
25173082
25173104
25173112
25173139
25173147
25173155
25174819
25174827
25174843
25174851
25174860
25174878
25174886
25174908
25174916
25174924
25178551
25178560
25178578
25190164
25190172
25190199
25190210
25190237
25190300
25190326
25196779
25196787
25196795
25196809
25196817
25196833
25196841
25196850
25196868
25196876
25196884
25206783
25206791
25206805
25206856
25208083
25210180
25210210
25210229
25210237
25220621
25220630
25220648
25220656
25220664
25220672
25220699
25220710
25220729
25226470
25226489
25226500
25226527
25226535
25232030
25232065
25232073
25240629
25240645
25240653
25240661
25240688
25240696
25240718
25240726
25250533
25250568
25250592
25250606
25250665
25250673
25251067
25258782
25258820
25258839
25258855
25258863
25258871
25258898
25261338
25261362
25261370
25261419
25265992
25266009
25266017
25266025
25266050
25266068
25266076
25266084
25266122
25266130
25266157
25266165
25266181
25272990
25273006
25273014
25273022
25273030
25273049
25273073
25279874
25279882
25279890
25279904
25279912
25279920
25279947
25281025
25286448
25286456
25286464
25287850
25287869
25292024
25292040
25292059
25292075
25292083
25292105
25292130
25292148
25292156
25292164
25296450
25298639
25298647
25298655
25298663
25298671
25298698
25298752
25300372
25305388
25305400
25305418
25310732
25314319
25314343
25314351
25314378
25314386
25314408
25314416
25314424
25314432
25314440
25314459
25317900
25319669
25319677
25319740
25319758
25319766
25319782
25319804
25319812
25319820
25319847
25323171
25328322
25333094
25333108
25333132
25333140
25333159
25333175
25333183
25333213
25333221
25342629
25344328
25344336
25344352
25344360
25351775
25351791
25351813
25351821
25351830
25351856
25351864
25351872
25351880
25351902
25351910
25351929
25351937
25351945
25351953
25365096
25365100
25365118
25365134
25365169
25365185
25365207
25365215
25365240
25365266
25365282
25365290
25365304
25365312
25367615
25375871
25375936
25376095
25376125
25383050
25383076
25383084
25383114
25383173
25383181
25383190
25389184
25389206
25389214
25389257
25389281
25389290
25397772
25397780
25397802
25397829
25397837
25397845
25397861
25401601
25401610
25402968
25402976
25402984
25403025
25408839
25412341
25412350
25412368
25412384
25412430
25412490
25412503
25414199
25416980
25417004
25417012
25417039
25422116
25422124
25422159
25422167
25422175
25422183
25422191
25422205
25422213
25422221
25422230
25422248
25430631
25430640
25430666
25430682
25430704
25430712
25437133
25437150
25437168
25437214
25437249
25444181
25444203
25444211
25444220
25444246
25444270
25446530
25446549
25446557
25446573
25446590
25448558
25449510
25456020
25456038
25456054
25456062
25456070
25456089
25456097
25456119
25456135
25462978
25462986
25462994
25463035
25463051
25463060
25463078
25463086
25463094
25463108
25463116
25463124
25463418
25464065
25464073
25464081
25464103
25475528
25475579
25475595
25475609
25475617
25475625
25475641
25475650
25475676
25475692
25475706
25475714
25475722
25475757
25475765
25475773
25475790
25475838
25481678
25481694
25483962
25483989
25484020
25484038
25484046
25484089
25484097
25489248
25493826
25493834
25493850
25493869
25493885
25493893
25493907
25493915
25493923
25493931
25493940
25493958
25493966
25503318
25503342
25503369
25503385
25503431
25503466
25510293
25510315
25514066
25538855
25538863
25538871
25538898
25538936
25538944
25540863
25540871
25540910
25543991
25544008
25544040
25544091
25544105
25558429
25558496
25558500
25559700
25559726
25559734
25559742
25559750
25559769
25559793
25559815
25564587
25564625
25564633
25564765
25565540
25565558
25565574
25565590
25565612
25568732
25568740
25568775
25568783
25568805
25568821
25573240
25577021
25578469
25582362
25582419
25586739
25588047
25588055
25588063
25590438
25590497
25590527
25590543
25590551
25590616
25592188
25592200
25592218
25592226
25592242
25597339
25599283
25599356
25599399
25599437
25599445
25599453
25604908
25604932
25604959
25610039
25610047
25610055
25610063
25610101
25610110
25612420
25616104
25616112
25616155
25626205
25626221
25626264
25626272
25626302
25638714
25638722
25638730
25638749
25641353
25641361
25641370
25641388
25641396
25641400
25641469
25643222
25643230
25643265
25649993
25650009
25650017
25650025
25650033
25650041
25650068
25650076
25650084
25650092
25650106
25650882
25650904
25656974
25657031
25657040
25657058
25662151
25664799
25664802
25664810
25664845
25664870
25664900
25667590
25667655
25667663
25674903
25674954
25675895
25675909
25676963
25686649
25686665
25686681
25686711
25686738
25686762
25696006
25696022
25696030
25700697
25700700
25700719
25700727
25700735
25702787
25705740
25705775
25705791
25705813
25705821
25705830
25710836
25710844
25710895
25710909
25710917
25718767
25718775
25718783
25718791
25718813
25718821
25718856
25718864
25718872
25725012
25725020
25725055
25725063
25725071
25725080
25728965
25728973
25728990
25729030
25729049
25736240
25736275
25736291
25739840
25742030
25742048
25742056
25746520
25748520
25748539
25748598
25748610
25755773
25759252
25759287
25759309
25766292
25766306
25766314
25766330
25766357
25769990
25770013
25771663
25776032
25776059
25776067
25776083
25776105
25779012
25779284
25785421
25785430
25785448
25785502
25787007
25789393
25789407
25789466
25790029
25790045
25790061
25791580
25794063
25794071
25798928
25798960
25798979
25798995
25799028
25805650
25805669
25808681
25808690
25814721
25814730
25814756
25818871
25818901
25818944
25819923
25822970
25822988
25822996
25827853
25827870
25833758
25833782
25839416
25839424
25839440
25843387
25843891
25843905
25843913
25843921
25848694
25848708
25848716
25848724
25848732
25853070
25853127
25853143
25853186
25853216
25860825
25860833
25860841
25860850
25861243
25861260
25861278
25861294
25861308
25861324
25861332
25861340
25861359
25861367
25865342
25871344
25871352
25871360
25871379
25871387
25876732
25876740
25876767
25883756
25883764
25883772
25883780
25883799
25883802
25883810
25889333
25889341
25889350
25889384
25889392
25889406
25896438
25896454
25896470
25901410
25901593
25907898
25921043
25921060
25921078
25926733
25926741
25926768
25926776
25926784
25926792
25933196
25934558
25934566
25934574
25934582
25934590
25934604
25948014
25950308
25952309
25952317
25952333
25952350
25952392
25952414
25954296
25954717
25954806
25962221
25962230
25962248
25962256
25981860
25999417
26011836
26041748
26041756
26041764
26041802
26044930
26044949
26046974
26046982
26046990
26047007
26047040
26047058
26048002
26048029
26048037
26048045
26048053
26048061
26048118
26050118
26059834
26059850
26059877
26059885
26059893
26059931
26064890
26064903
26064920
26064954
26064970
26065003
26065020
26065054
26070506
26070530
26070549
26070557
26070573
26071501
26071510
26071528
26072795
