21090820
21102097
21102135
21102143
21102151
21102178
21102186
21102208
21102224
21102240
21102259
21102283
21102291
21111621
21111648
21111656
21111664
21111672
21132357
21132390
21132403
21132489
21132497
21132543
21132560
21132578
21132608
21132616
21132632
21132659
21132667
21141690
21141711
21141754
21141789
21141797
21141843
21141886
21161972
21162005
21162013
21162030
21162048
21162056
21162145
21162161
21162170
21162188
21162218
21162242
21162269
21179910
21179929
21179937
21179953
21179961
21179970
21179988
21180125
21180141
21195576
21195592
21195606
21195622
21202320
21203539
21204364
21204500
21204526
21204550
21204569
21204682
21204690
21204704
21204720
21210900
21210927
21210935
21210943
21210994
21211019
21211027
21211051
21216423
21225774
21225782
21225804
21225820
21225839
21225847
21225863
21225871
21225880
21225898
21225901
21225910
21225936
21225944
21225960
21225987
21225995
21226001
21226010
21226028
21226036
21226095
21226109
21235255
21235271
21235298
21235336
21235352
21235387
21235395
21235417
21235433
21235441
21235468
21235492
21235506
21235522
21235530
21244539
21244547
21244563
21249846
21249862
21249870
21249889
21249951
21249986
21249994
21250018
21261718
21261734
21261742
21261769
21261785
21261793
21261815
21261823
21261840
21261866
21271835
21271851
21271860
21271886
21271894
21272636
21272652
21272660
21272679
21272687
21272725
21272733
21272768
21279596
21279618
21279626
21279804
21288993
21289000
21289034
21289042
21289050
21289069
21289085
21289107
21289115
21289123
21289131
21289140
21301561
21301596
21301634
21303937
21303953
21303970
21303996
21304002
21304053
21307297
21307300
21307319
21307327
21307335
21307351
21307394
21307408
21307424
21307467
21307483
21307505
21307530
21315133
21315150
21315176
21315184
21315206
21315214
21315222
21315249
21315257
21315273
21315290
21315311
21315338
21315362
21327855
21327880
21327901
21327910
21327928
21327944
21334763
21341817
21341825
21341833
21341876
21341914
21341922
21341957
21341973
21341981
21341990
21342006
21342014
21342022
21342049
21350955
21356958
21356974
21356982
21356990
21357015
21357023
21357040
21357058
21357112
21357155
21359180
21365018
21365026
21365050
21365077
21365093
21365107
21365115
21365131
21365158
21365166
21365174
21365204
21365212
21365220
21365271
21365280
21365298
21365301
21365344
21365352
21365379
21365417
21381463
21381471
21381480
21381498
21381595
21381617
21381625
21381641
21381650
21381692
21381749
21381757
21393921
21393972
21393980
21393999
21394005
21394013
21394030
21394048
21394064
21394099
21394161
21394226
21394285
21394307
21407016
21407032
21407040
21407067
21407075
21407091
21407105
21407113
21407210
21407245
21407253
21407261
21411807
21411815
21411823
21411866
21411947
21412063
21412098
21412128
21432320
21432338
21432346
21432354
21432362
21432370
21432389
21432397
21432400
21432435
21432451
21432508
21432540
21432559
21437378
21439115
21439158
21439174
21439212
21439239
21439255
21439263
21443612
21443620
21457421
21457430
21457456
21457464
21457502
21457510
21457545
21457561
21457570
21457693
21457766
21457774
21457782
21459406
21467344
21467387
21467395
21467417
21467425
21467433
21467441
21467476
21467492
21467514
21467549
21467557
21467573
21467590
21467638
21467646
21469850
21469876
21469914
21469922
21469930
21469949
21469965
21470005
21470013
21470021
21480386
21480424
21480432
21480459
21480467
21480475
21480491
21480505
21480548
21480556
21480564
21480599
21480602
21480629
21480653
21480661
21480688
21480696
21486621
21486648
21486656
21486710
21486729
21486761
21486770
21486800
21489377
21490037
21493971
21494705
21494802
21494810
21494845
21494934
21494969
21494977
21495077
21496870
21496897
21496927
21496943
21504418
21504434
21504442
21504450
21504493
21504515
21504540
21516366
21516374
21516382
21516404
21516412
21516471
21516480
21516498
21516510
21516528
21516544
21516617
21516633
21516641
21516676
21527292
21527314
21527322
21527349
21527365
21527381
21527462
21527489
21527500
21527519
21527535
21527543
21527560
21527578
21527594
21527608
21535430
21535457
21535465
21535481
21535503
21535511
21535546
21535570
21535627
21535635
21535651
21543328
21543336
21543344
21550910
21550929
21550945
21550953
21552563
21552571
21552610
21552628
21552644
21552679
21558183
21558256
21558280
21558302
21558337
21558345
21558370
21558426
21563929
21571182
21571212
21571220
21571247
21571255
21571263
21571271
21571336
21571620
21571654
21571662
21571670
21571689
21571700
21571719
21571778
21571786
21576406
21580296
21580300
21580474
21580504
21580512
21580520
21580563
21580571
21580598
21580636
21580679
21580687
21580725
21589023
21589066
21589074
21589180
21589201
21600610
21600652
21600660
21600679
21600695
21608427
21608435
21608443
21608451
21608460
21608494
21608559
21608567
21611090
21619000
21619035
21619051
21619078
21619094
21619108
21619124
21619132
21619159
21619167
21625525
21625550
21625584
21625592
21625606
21625622
21625630
21625649
21625657
21625673
21625703
21625711
21625720
21625738
21625746
21627801
21631675
21634850
21634884
21634892
21634906
21634914
21634922
21634957
21636320
21636338
21636354
21636362
21636370
21636397
21636400
21636419
21647060
21647078
21647108
21647116
21647140
21647213
21647221
21647230
21647299
21647302
21647329
21652570
21663227
21663251
21663260
21663278
21663294
21663308
21663324
21663332
21663367
21663383
21663391
21663448
21667350
21667377
21667385
21667393
21667423
21667431
21667458
21667474
21667512
21667520
21667547
21667555
21667563
21675353
21675370
21675396
21675434
21675450
21675477
21675493
21675515
21675558
21675566
21675574
21694061
21694070
21694088
21694096
21694100
21694118
21694134
21694185
21694193
21694223
21694240
21694258
21697904
21697912
21697963
21697971
21698004
21698020
21698063
21698080
21706638
21706670
21706689
21706700
21706751
21706778
21712443
21712451
21712460
21712486
21712494
21712516
21712540
21712621
21712656
21712710
21720306
21720314
21720322
21720330
21720373
21720403
21720420
21720462
21720470
21720527
21720535
21720551
21732130
21732149
21732165
21732181
21732211
21732220
21732238
21732246
21732254
21732270
21740958
21740982
21740990
21741007
21741031
21741058
21741066
21741112
21746683
21746691
21746713
21746748
21746756
21746764
21746772
21746780
21756040
21756067
21756075
21756121
21756130
21756202
21756229
21763595
21763668
21763684
21763706
21763714
21763722
21763730
21763773
21763781
21763870
21763897
21763900
21771695
21771768
21771776
21771784
21771806
21771814
21779800
21779850
21779869
21779877
21779893
21779907
21779923
21779966
21780006
21780014
21780030
21780057
21780081
21780090
21780103
21780111
21780120
21788123
21788131
21788140
21788158
21788182
21788212
21788220
21788239
21788247
21795708
21795724
21795740
21795783
21795791
21795805
21795821
21795830
21809552
21809820
21809846
21813642
21813669
21813677
21813693
21813707
21813715
21813723
21813782
21813790
21813839
21813847
21817920
21817938
21817946
21817989
21817997
21818003
21818011
21818020
21818089
21818119
21818127
21818151
21823360
21823379
21823395
21823425
21823484
21823492
21823522
21823557
21833763
21833798
21833887
21833895
21833941
21834017
21834041
21844487
21844509
21844517
21844576
21844584
21844592
21844606
21844630
21844649
21844657
21844720
21850420
21850446
21850454
21850470
21850489
21850497
21850500
21850519
21850527
21850560
21850594
21850616
21850632
21850640
21864603
21864662
21864670
21864689
21864697
21864700
21864719
21864735
21864786
21864794
21864816
21864891
21864905
21864913
21864930
21864948
21864956
21868516
21868524
21868532
21868567
