30635480
30638834
30638907
30638958
30639805
30639813
30639830
30644127
30644186
30644224
30650323
30650340
30650366
30650374
30650382
30650420
30650439
30654732
30654740
30654767
30654783
30654791
30654805
30654813
30654821
30654830
30654848
30661179
30661195
30661217
30661233
30661241
30661250
30661292
30661322
30661330
30666044
30666052
30666060
30666133
30666150
30666192
30666206
30666230
30666249
30670908
30670916
30670932
30670967
30671016
30671075
30671083
30671091
30671105
30676358
30676366
30676374
30676382
30676390
30676404
30676412
30676439
30676447
30676455
30676463
30676471
30676480
30680901
30682945
30683908
30683924
30683967
30683983
30683991
30684008
30684130
30687519
30687527
30687535
30687543
30687560
30687578
30694346
30694354
30694362
30694419
30694443
30694460
30694508
30694524
30694540
30694559
30694575
30694583
30694591
30694605
30695244
30699653
30699661
30699670
30699696
30699700
30699726
30699734
30699750
30699769
30699777
30706386
30706394
30706408
30706416
30706424
30706467
30706475
30706483
30706513
30706530
30706556
30706572
30709927
30710433
30711404
30711412
30717342
30717350
30717369
30717377
30717385
30717393
30717407
30717415
30717431
30722195
30722217
30722225
30722233
30724579
30724625
30729754
30729762
30729770
30729789
30729800
30737072
30737080
30737099
30737110
30737129
30737137
30737153
30737188
30737196
30741685
30742311
30742320
30742338
30742346
30744967
30747467
30747475
30747483
30747491
30747505
30747513
30747548
30747556
30753590
30753612
30753663
30753671
30753680
30753698
30753701
30753710
30754111
30754863
30754901
30759046
30759054
30759062
30759089
30759097
30759100
30759119
30759135
30759151
30759160
30762017
30763420
30763438
30763543
30763578
30765560
30767146
30767170
30769163
30769171
30769198
30769201
30769236
30769252
30769260
30769279
30769287
30769295
30769309
30774496
30774500
30774534
30774542
30774585
30775882
30779981
30779990
30780013
30780021
30780064
30780072
30780757
30780765
30780773
30782170
30786016
30786040
30786067
30786075
30786083
30786091
30786431
30790254
30790300
30790335
30794744
30797309
30797317
30797325
30797341
30797376
30797384
30797392
30797406
30797414
30800269
30800285
30800315
30800331
30800374
30800390
30800404
30802251
30807313
30807321
30807356
30807364
30807372
30807399
30807402
30807429
30807437
30807445
30807453
30814043
30814051
30814060
30814078
30814086
30814094
30814108
30814116
30814124
30814132
30814140
30814159
30814167
30814175
30814191
30815847
30818282
30818290
30818304
30818312
30818320
30818355
30818371
30819113
30819172
30822615
30822631
30822658
30822674
30822690
30822747
30822780
30830243
30830251
30830260
30830278
30830286
30830294
30830308
30830316
30830324
30830340
30830359
30835518
30835526
30835534
30835542
30835577
30835623
30835631
30835640
30835666
30835674
30835682
30835690
30835704
30841307
30841315
30841323
30841331
30841340
30841374
30841382
30841390
30845856
30845899
30845910
30845929
30845937
30845953
30845970
30845988
30845996
30846002
30846045
30851017
30851025
30851033
30851050
30851068
30851076
30851084
30852420
30852438
30852446
30857028
30857044
30857060
30857079
30857087
30857095
30857109
30857125
30857141
30860961
30863496
30863500
30863518
30863526
30863569
30863577
30863585
30863593
30864203
30864211
30864220
30864238
30869332
30869340
30869359
30869367
30869375
30869383
30869413
30869421
30871995
30872001
30872010
30872028
30872036
30872044
30872052
30872060
30873619
30874320
30878373
30878390
30878403
30878411
30878420
30878438
30878446
30878454
30878462
30878470
30878489
30878497
30878519
30878527
30882188
30883922
30883930
30883949
30883957
30883965
30883973
30883981
30884014
30884022
30886120
30890024
30890040
30890059
30890067
30890075
30891062
30891070
30893993
30895145
30895153
30895196
30895200
30895269
30899597
30899600
30899619
30899627
30899635
30899651
30899660
30899678
30899686
30899694
30905001
30905010
30905044
30905052
30905079
30905087
30905095
30909275
30909585
30909593
30909607
30909615
30909623
30909631
30910067
30910083
30915200
30915234
30915242
30915250
30915307
30915315
30915331
30915340
30915358
30916256
30916264
30916272
30916299
30916302
30920095
30920125
30920176
30920184
30920192
30920214
30920222
30920249
30926411
30926420
30926438
30926446
30926470
30931469
30931477
30931485
30931507
30931515
30931523
30931558
30931566
30931574
30931582
30931710
30937011
30937038
30937054
30937062
30937089
30937097
30938009
30938017
30942581
30942603
30943820
30943838
30943870
30943889
30943897
30943900
30943919
30943927
30943960
30943978
30943994
30944000
30948398
30948401
30948410
30948428
30948436
30948479
30948975
30948983
30952801
30952810
30954462
30954489
30954497
30956765
30958537
30958553
30958600
30958618
30958634
30959575
30959591
30959605
30959648
30959656
30963436
30963444
30963452
30963460
30963479
30963487
30963495
30963509
30963517
30963525
30963533
30966530
30969374
30969382
30969390
30969412
30969420
30969455
30969463
30974079
30974117
30974125
30974133
30974141
30974150
30974176
30974184
30974192
30978160
30981637
30981653
30981661
30981718
30981734
30981742
30981750
30981777
30981785
30981793
30981807
30982802
30987095
30987125
30987141
30987150
30987168
30987176
30987192
30991231
30992113
30992121
30992130
30992156
30992164
30992180
30992210
30992237
30992245
30995608
30995799
30995802
30995810
30995829
30996484
30996492
30996514
31000965
31000981
31001030
31001049
31001073
31001090
31001170
31001790
31001804
31001812
31005334
31006089
31009751
31009778
31009859
31009867
31010462
31014197
31014219
31014235
31014260
31014278
31014286
31014294
31014308
31014324
31014332
31015826
31018881
31018911
31018920
31018946
31018954
31018962
31018970
31018989
31018997
31019003
31019038
31023136
31023144
31023152
31023187
31023195
31023217
31023233
31023241
31023306
31025056
31027820
31027839
31027847
31027898
31028460
31028478
31035556
31035564
31035572
31035580
31035602
31035629
31035653
31035661
31035670
31035688
31041493
31041515
31041523
31041531
31041566
31041574
31041582
31041590
31041604
31041612
31041620
31041639
31046857
31046865
31046873
31046890
31046903
31046911
31046946
31046954
31046970
31046989
31046997
31047020
31048637
31048645
31048653
31048661
31052026
31052093
31052875
31052891
31052905
31052913
31052921
31052930
31052948
31052956
31057392
31057406
31057414
31057422
31058797
31060878
31060894
31062682
31062720
31062739
31062747
31062780
31065042
31065050
31065069
31066242
31066250
31066285
31066293
31066315
31070987
31071028
31071036
31071079
31071087
31071133
31071141
31071150
31072783
31074474
31074512
31076955
31076963
31076998
31077004
31080875
31080905
31080913
31080921
31080964
31080972
31081013
31081021
31084117
31084524
31086070
31086223
31086231
31086240
31086258
31086274
31086282
31086312
31086320
31086339
31086347
31086355
31092438
31092462
31092535
31092543
31092551
31092560
31092578
31092586
31092594
31092756
31092764
31092772
31092780
31096758
31096766
31096774
31096782
31096790
31105325
31105350
31105368
31105384
31105406
31105422
31105449
31105457
31105465
31105473
31111076
31111092
31111106
31111149
31111173
31114102
31114110
31114129
31114137
31116820
31116847
31116855
31116863
31116871
31116880
31116898
31116928
31116936
31124408
31124440
31124459
31124475
31124491
31124505
31124513
31124521
31124556
31124572
31124580
31131570
31131596
31131650
31131693
31131707
31131740
31131804
31131847
31131855
31131863
31138268
31138276
31138292
31138314
31138330
31138349
31138357
31138390
31138411
31138420
31138438
31138446
31138870
31142870
31142889
31144456
31144464
31144499
