244447
244692
244706
244838
244854
244862
244900
245019
245043
245159
245205
245248
245264
245469
245507
245612
245655
245710
245817
245892
246120
246146
246154
246170
246197
246251
246260
246278
246294
246324
246359
246405
246413
246456
246537
246553
246570
246669
246677
246715
246731
246758
246774
246944
246979
247001
247109
247176
247222
247311
247451
247540
247575
247583
247621
247680
247800
247885
247931
248163
248201
248252
248295
248341
248414
248422
248457
248481
248643
248686
248740
248759
248821
248880
248961
248970
248996
249100
249185
249282
249320
249355
249614
249720
249797
249924
250066
250082
250104
250120
250147
250171
250376
250473
250481
250570
250589
250643
250678
250686
250708
250732
250767
250791
250953
251010
251070
251258
251509
251568
251606
251630
251649
251690
251703
251754
251860
251878
251894
251916
251932
251959
251983
252172
252245
252300
252326
252440
252555
252610
252652
252709
252717
252792
252865
252970
253046
253127
253178
253186
253232
253283
253585
253640
253704
253771
253780
253810
253852
253879
253992
254025
254050
254211
254270
254459
254610
254904
254947
254998
255055
255071
255098
255241
255535
255543
255551
255578
255586
255705
255748
255853
256085
256174
256255
256417
256514
256654
257102
257110
257293
590130
673201
673783
683671
1216194
1234573
1728704
2113731
2314620
2461400
2469837
2787440
2840462
2865696
2865734
2865823
2865920
2865971
2866020
2866063
2866160
2866276
2866314
2866560
2867026
2867220
2867247
2867360
2867417
2867484
2867530
2867832
2868161
2868196
2868331
2868447
2868463
2868471
2868480
2868676
2868706
2868765
2868773
2868781
2868854
2868889
2868919
2868935
2868943
2868960
2869051
2869060
2869140
2869280
2869345
2869361
2869396
2869426
2869523
2869574
2869582
2869701
2869795
2869833
2869892
2869906
2869914
2870269
2870382
2870447
2870480
2870544
2870722
2870781
2870803
2870862
2870870
2870951
2870994
2871043
2871108
2871124
2871175
2871230
2871302
2871337
2871469
2871507
2871663
2871680
2871710
2871884
2871990
2872138
2872146
2872227
2872367
2872421
2872464
2872510
2872537
2872626
2872642
2872758
2872782
2872880
2872944
2873001
2873052
2873060
2873117
2873176
2873206
2873338
2873346
2873362
2873435
2873559
2873796
2873907
2874040
2874139
2874163
2874180
2874198
2874228
2874295
2874538
2874562
2874619
2874678
2874821
2874929
2875053
2875070
2875355
2875380
2875509
2875568
2875665
2875673
2875690
2875789
2875819
2875894
2875991
2876105
2876113
2876253
2876334
2876563
2876636
2876717
2876814
2876830
2876865
2876938
2876954
2876970
2877240
2877267
2877283
2877305
2877577
2877607
2877879
2877950
2877984
2878149
2878238
2878319
2878459
2878777
2878920
2879039
2879179
2879233
2879390
2879616
2879667
2879705
2879853
2880211
2880300
2880394
2880408
2880513
2880653
2880793
2880823
2880831
2880858
2880980
2881004
2881055
2881411
2881470
2881543
2881586
2881594
2881799
2881861
2881918
2881977
2882018
2882026
2882140
2882204
2882239
2882247
2882310
2882433
2882468
2882530
2882638
2882662
2882824
2882964
2883064
2883110
2883129
2883145
2883153
2883218
2883536
2883595
2883650
2883668
2883692
2883706
2883820
2883846
2883854
2884019
2884086
2884205
2884345
2884485
2884639
2884647
2884884
2884949
2884973
2885014
2885022
2885030
2885235
2885251
2885340
2885561
2885570
2885596
2885600
2885634
2885715
2885723
2885758
2885766
2885820
2885847
2885871
2885987
2886028
2886036
2886044
2886214
2886338
2886354
2886389
2886397
2886460
2886524
2886680
2886761
2886834
2886885
2886893
2886966
2887112
2887120
2887139
2887279
2887287
2887350
2887384
2887449
2887457
2887570
2887600
2887643
2887660
2887724
2887732
2887740
2887759
2887813
2887830
2887929
2887970
2887996
2888070
2888169
2888371
2888428
2888436
2888576
2888592
2888690
2888770
2888843
2888959
2889040
2889113
2889121
2889180
2889202
2889300
2889334
2889350
2889385
2889440
2889474
2889482
2889504
2889520
2889547
2889555
2889563
2889628
2889695
2889725
2889890
2889920
2889938
2890002
2890061
2890142
2890169
2890185
2890193
2890274
2890312
2890380
2890398
2890436
2890444
2890568
2890614
2890622
2890720
2890827
2890886
2891016
2891032
2891091
2891130
2891156
2891253
2891270
2891318
2891423
2891458
2891474
2891504
2891679
2891687
2891709
2891750
2891776
2891997
2892011
2892119
2892259
2892321
2892372
2892410
2892500
2892518
2892526
2892615
2892623
2892690
2892720
2892747
2892771
2893009
2893041
2893360
2893386
2893530
2893572
2893599
2893637
2893645
2893696
2893750
2893980
2893998
2894047
2894055
2894063
2894209
2894241
2894284
2894322
2894357
2894365
2894438
2894454
2894535
2894560
2894578
2894616
2894705
2894748
2894845
2894900
2894926
2894934
2894977
2894985
2895239
2895255
2895280
2895344
2895360
2895433
2895468
2895530
2895549
2895611
2895620
2895638
2895646
2895662
2895670
2895751
2895883
2895964
2895999
2896005
2896110
2896137
2896170
2896200
2896218
2896277
2896366
2896412
2896463
2896684
2896714
2896749
2896854
2896919
2897035
2897043
2897230
2897302
2897337
2897345
2897361
2897477
2897558
2897566
2897604
2897701
2897710
2897752
2897973
2898022
2898065
2898111
2898227
2898332
2898413
2898456
2898553
2898618
2898650
2898677
2898693
2898782
2898804
2898871
2898880
2898901
2898952
2898960
2899036
2899087
2899095
2899109
2899150
2899206
2899214
2899257
2899427
2899516
2899729
2899745
2899753
2899788
2899818
2899915
2899958
2900033
2900092
2900181
2980580
3172779
3172795
3172825
3172922
3172965
3172990
3173030
3173111
3173189
3173243
3173286
3173324
3173367
3173421
3173464
3173499
3173502
3173561
3173677
3173685
3173766
3173790
3173855
3173910
3213470
3221278
3221430
3221456
3221499
3221553
3221618
3221758
3221952
3222028
3222044
3222087
3222117
3222206
3222230
3222281
3277872
3277880
3277937
3278100
3278118
3278126
3330461
3330569
3330682
3337753
3337907
3337940
3337958
3401791
3401813
3401848
3401937
3402002
3402053
3402088
3402096
3402126
3402134
3402339
3402347
3402355
3402401
3402568
3402584
3402606
3402649
3402754
3402770
3402797
3402886
3402959
3403016
3403083
3403156
3403253
3403318
3403326
3403334
3403350
3403393
3403440
3403458
3479120
3479170
3479227
3479294
3479340
3479359
3479367
3479529
3479537
3479596
3479677
3479731
3479782
3479928
3479936
3479944
3479979
3480043
3480060
3522890
3535165
3553579
3553595
3553692
3553714
3553730
3553781
3553889
3553943
3553986
3553994
3554191
3554221
3554299
3554477
3554540
3554574
3554620
3554655
3584761
3598139
3598155
3598171
3598244
3598252
3598287
3598341
3598414
3598716
3598929
3599185
3599207
3599231
3599444
3599525
3599533
3599550
3613417
3613433
3613450
3613484
3613549
3613565
3613581
3613590
3613654
3613816
