34314504
34314512
34315798
34315801
34315810
34315828
34322418
34322434
34322442
34322469
34322477
34322485
34322493
34322507
34322523
34322540
34322558
34322566
34322582
34322590
34329769
34329777
34329807
34329831
34329840
34329874
34329882
34329890
34329920
34329947
34330437
34335698
34335701
34335728
34335736
34335744
34335760
34335779
34335795
34335809
34335817
34335825
34335833
34335841
34335868
34336545
34336553
34336561
34336570
34336588
34336600
34343046
34343054
34343062
34343070
34343089
34343097
34343100
34343127
34343135
34343143
34343151
34343160
34349871
34349898
34349901
34349910
34349928
34349936
34349952
34349960
34350736
34350752
34357971
34357980
34358004
34358020
34358039
34358063
34358071
34358101
34358128
34358136
34358144
34358152
34358993
34363299
34363302
34363337
34363353
34363370
34363841
34363850
34363868
34363876
34367142
34367150
34367185
34367207
34367223
34367509
34370695
34370725
34370733
34370741
34370750
34376167
34376183
34376191
34376205
34376213
34376230
34376248
34376256
34381902
34381910
34381929
34381937
34381945
34381953
34381970
34388226
34388234
34388242
34388250
34388269
34388277
34388293
34388315
34388323
34388331
34388358
34388374
34388382
34388412
34388420
34388447
34393141
34393150
34393168
34393176
34393192
34393214
34393230
34399039
34399055
34399071
34399080
34399446
34406128
34406144
34406152
34406160
34406187
34406195
34406209
34406217
34406225
34406233
34406241
34406810
34406829
34412197
34412200
34412219
34412235
34412251
34412260
34413966
34413990
34414040
34417607
34417615
34417658
34417666
34417720
34417917
34426052
34426060
34426087
34426125
34426141
34426176
34426192
34426206
34426214
34426222
34427619
34427627
34432151
34432194
34432208
34432216
34432224
34432240
34432259
34432267
34432275
34432836
34432844
34432879
34440413
34440421
34440430
34440448
34440456
34440464
34440472
34440480
34440502
34440510
34441354
34441362
34447667
34447683
34447691
34447705
34447721
34447748
34447756
34447772
34447780
34447799
34447934
34447942
34447950
34453723
34453731
34453740
34453758
34453766
34453774
34453782
34453790
34461777
34461785
34461793
34461815
34461823
34461831
34461840
34461858
34467320
34467338
34467346
34467354
34467362
34469231
34474653
34474661
34474670
34474688
34474718
34474726
34474939
34474947
34474955
34474971
34481880
34481910
34482583
34482591
34488799
34488802
34488810
34488829
34488853
34488861
34488900
34489409
34489425
34489433
34489441
34489450
34489468
34489476
34489484
34489514
34489522
34489565
34489573
34489581
34496023
34496031
34496040
34496058
34496066
34496082
34496104
34496120
34496147
34504835
34504851
34504860
34504886
34504932
34504940
34505431
34505458
34505466
34505482
34512480
34512528
34512536
34512552
34512560
34512587
34512900
34512919
34512927
34519860
34519887
34519895
34519909
34519933
34519941
34519950
34519968
34519984
34522815
34526655
34526663
34526680
34526698
34526728
34526744
34526752
34531635
34533644
34533652
34533660
34533709
34533741
34533768
34533776
34533784
34533806
34533814
34536489
34536535
34536543
34543028
34543036
34543052
34543087
34543095
34543109
34543117
34543125
34543133
34543141
34543150
34543168
34543176
34543192
34543206
34543214
34548661
34548670
34548700
34548718
34548726
34548734
34548742
34548769
34548785
34548793
34548807
34549136
34549144
34552360
34556150
34556214
34556222
34556230
34556249
34556257
34556273
34556281
34556290
34558282
34562631
34562640
34562666
34562674
34562690
34562712
34562739
34562747
34562763
34562771
34564802
34569230
34569249
34569273
34569281
34569303
34569338
34569346
34569354
34570812
34570820
34570839
34570847
34570855
34570863
34570871
34570928
34570987
34570995
34571001
34571028
34571060
34571079
34571087
34571524
34576777
34577110
34577152
34577195
34577225
34577241
34577799
34577802
34577810
34577837
34577845
34578158
34578174
34578182
34583502
34583553
34583561
34583570
34583588
34584524
34584532
34584583
34590224
34590232
34590267
34590283
34590321
34590372
34590763
34590771
34590780
34590798
34590801
34590810
34590828
34590836
34597311
34597346
34597354
34597389
34597451
34597540
34597605
34605767
34605856
34605872
34605945
34605953
34605970
34606010
34609378
34609394
34609416
34610461
34610488
34610496
34610500
34617192
34617230
34617249
34617257
34617265
34617273
34618961
34619002
34623755
34623771
34623798
34623801
34623810
34623828
34623852
34623879
34623887
34629413
34629421
34629448
34629464
34631332
34631340
34631375
34636739
34637793
34637807
34637815
34637840
34637858
34644464
34644472
34644480
34644499
34644502
34644510
34644537
34644545
34644553
34644561
34644596
34644600
34644626
34644634
34644642
34650695
34650709
34650717
34650733
34650750
34650776
34650792
34650806
34654816
34654824
34654832
34654840
34654859
34654883
34660940
34660966
34660990
34661007
34661015
34662398
34662460
34662479
34662487
34663164
34666152
34668684
34668692
34668714
34668722
34668730
34668749
34668757
34668773
34668781
34668919
34668927
34668943
34674651
34674716
34675053
34675088
34675096
34675100
34675118
34681080
34681128
34681136
34681144
34681160
34687511
34687546
34687554
34687562
34687570
34687589
34687597
34687600
34687651
34689644
34691776
34691792
34691806
34691814
34691849
34691865
34691890
34693416
34693424
34693432
34693459
34693467
34693483
34693491
34693505
34693513
34693521
34693530
34693548
34693556
34693564
34696404
34700254
34700270
34700289
34700297
34700300
34700327
34700335
34700378
34700386
34700491
34702999
34706087
34706095
34706109
34706117
34706133
34706141
34706150
34706168
34706192
34706206
34706222
34706230
34706249
34710991
34712127
34712143
34712151
34712160
34712178
34712208
34712216
34712224
34712232
34718987
34718995
34719001
34719028
34719044
34719060
34719079
34719087
34719095
34719109
34719117
34719125
34723037
34723045
34723053
34723070
34723088
34723096
34723100
34723118
34723134
34723142
34723150
34723169
34725178
34725976
34729811
34729820
34729919
34729927
34729935
34729951
34733952
34733960
34734621
34734656
34734664
34734680
34734729
34734753
34734761
34734770
34734788
34734796
34734800
34734818
34734826
34734834
34741050
34741068
34741076
34741084
34741092
34741114
34741122
34741130
34741149
34741165
34741181
34742616
34742985
34746014
34746022
34746030
34746057
34746073
34746081
34746103
34751908
34751916
34751932
34751975
34752008
34752024
34752040
34752059
34752067
34752075
34752083
34752091
34752547
34757617
34757633
34757650
34757684
34757692
34758078
34758086
34758132
34758140
34758159
34762532
34762540
34762559
34762567
34762575
34764061
34764070
34764100
34764118
34764126
34767840
34767858
34767882
34767890
34767904
34767912
34767939
34767947
34769115
34769506
34769514
34769670
34769689
34769697
34769700
34772412
34772420
34772439
34772447
34772463
34775036
34776538
34776546
34776554
34776562
34776570
34778580
34782580
34787928
34787936
34787960
34787979
34787987
34787995
34788028
34788036
34788052
34793415
34793423
34793458
34793466
34793482
34793504
34793512
34793520
34798790
34798803
34798811
34798820
34798838
34798854
34798870
34798897
34798900
34802599
34802602
34802629
34802637
34802661
34808460
34808478
34808486
34808494
34808508
34808524
34808532
34808559
34808567
34808575
34809317
34815009
34815017
34815025
34815033
34815041
34815050
34815068
34815076
34815092
34815637
34818196
34818200
34822960
34822987
34822995
34823010
34823028
34823044
34824155
34824171
34827194
34827240
34827267
34827801
34827810
34827828
34827836
34827860
34829829
34832751
34832867
34832883
34834272
34834280
34834299
34838436
34838460
34838479
34838487
34838720
34838738
