36575999
36576005
36576030
36576056
36580405
36580413
36580448
36580464
36580472
36580480
36580499
36580502
36580529
36580537
36580545
36580561
36583274
36583282
36585984
36585992
36586009
36586025
36586033
36586041
36586050
36586092
36586106
36586114
36586912
36586920
36586955
36586963
36590743
36590751
36590832
36590840
36591277
36591285
36591293
36591307
36591315
36591358
36591757
36596070
36596118
36596487
36596495
36596509
36596517
36596533
36596541
36596568
36596576
36596584
36597687
36597709
36601230
36601249
36601257
36601923
36601931
36601940
36601958
36601966
36601982
36601990
36602007
36602015
36602023
36602031
36606149
36606181
36606203
36606211
36606220
36607004
36607020
36607039
36607047
36607055
36607063
36607098
36607101
36607110
36611820
36611838
36611846
36611854
36611862
36611889
36611960
36611978
36611994
36612019
36612779
36615686
36615716
36615724
36616908
36616924
36616932
36617822
36618623
36619734
36621831
36621840
36621858
36621866
36621874
36621890
36621904
36621939
36621947
36621955
36621971
36625825
36625833
36625850
36625868
36625876
36625884
36625922
36627117
36627125
36627133
36627141
36627230
36630996
36631002
36631010
36631584
36631592
36631681
36631703
36631711
36631720
36631754
36631770
36631789
36631797
36631800
36636875
36636883
36636891
36636905
36636913
36636921
36636930
36636948
36636956
36636972
36637315
36637323
36637919
36641251
36641260
36641278
36641286
36641308
36641316
36641324
36641332
36641340
36641359
36641367
36641375
36641383
36641405
36641413
36642044
36645296
36645300
36645318
36645326
36645334
36645342
36646453
36649433
36649441
36651140
36651158
36651182
36651204
36651220
36651239
36651247
36651263
36651271
36651280
36651298
36651301
36651867
36656139
36656147
36656155
36656163
36656171
36656180
36656198
36656562
36656589
36656597
36657649
36661186
36661194
36661208
36661216
36661224
36661259
36661950
36661968
36661976
36662033
36665560
36665587
36665595
36665609
36665641
36665650
36665676
36665684
36665706
36665714
36665722
36665730
36665749
36665757
36666558
36669740
36669783
36670753
36670761
36670800
36670826
36674798
36674810
36674844
36676519
36676535
36676551
36676560
36676578
36676586
36676594
36677018
36680048
36680064
36680080
36680110
36680129
36681094
36681108
36681124
36682111
36682120
36682138
36682146
36682154
36686504
36686539
36686547
36686555
36686598
36686610
36686636
36688858
36688874
36688882
36688912
36689632
36689659
36689667
36689675
36690157
36695065
36695073
36695081
36695090
36695103
36695120
36695138
36695146
36695162
36695170
36695200
36695219
36696087
36696095
36699652
36699660
36699679
36699687
36699725
36699733
36699741
36699750
36699776
36699784
36699792
36699806
36699814
36699849
36704350
36704384
36704406
36704414
36704422
36704449
36704457
36704465
36704473
36704481
36708998
36709004
36709012
36709608
36709616
36709624
36709632
36709918
36709926
36709934
36709942
36709950
36709969
36711411
36711420
36715030
36715057
36715065
36715081
36715103
36715120
36715138
36715170
36715189
36715200
36719261
36719270
36719296
36719997
36720010
36720029
36720100
36720118
36720126
36720134
36724276
36724314
36724322
36724330
36724357
36724837
36724845
36724853
36725379
36729150
36729168
36729184
36729206
36729214
36729222
36729230
36729249
36729893
36729907
36729923
36729940
36730340
36730359
36734407
36734415
36734423
36734431
36734440
36734458
36735550
36735585
36735593
36735780
36735798
36739323
36739331
36739340
36739358
36739382
36739404
36739439
36739447
36739455
36739765
36743928
36743936
36743944
36743952
36743960
36743979
36743987
36744001
36744010
36744028
36744044
36748984
36748992
36749009
36749017
36749033
36749041
36749068
36749076
36749092
36750593
36754196
36754200
36754226
36754234
36754242
36754250
36754269
36754277
36754595
36754609
36754617
36754625
36754633
36758635
36759401
36759428
36759444
36759452
36759479
36759495
36760015
36760023
36760031
36763526
36763534
36763542
36763550
36763577
36763585
36763607
36763623
36763674
36763690
36768922
36769286
36769294
36769308
36769316
36769324
36769332
36769340
36769367
36769375
36769383
36769391
36769405
36770000
36770191
36774525
36774541
36774550
36774568
36774576
36774592
36774606
36775261
36775431
36779603
36779611
36779620
36779638
36779646
36779654
36779662
36779670
36779689
36780780
36780802
36780810
36780829
36780837
36780861
36780870
36785990
36786015
36786023
36786040
36786058
36786066
36786104
36786112
36786120
36786139
36786147
36786155
36790458
36790466
36790474
36790490
36790520
36790539
36790555
36790580
36790598
36790601
36791240
36797081
36797472
36797480
36797499
36797502
36797510
36797529
36797537
36797545
36797553
36797588
36800233
36800268
36800284
36800292
36800306
36800314
36800330
36800349
36800357
36800373
36800381
36800390
36800411
36803000
36807576
36807584
36807614
36807622
36807649
36807665
36807673
36808172
36808180
36812610
36812629
36812637
36812645
36812653
36812661
36812688
36812696
36812700
36817049
36817090
36817111
36817154
36823024
36823032
36823040
36823059
36823067
36823091
36823105
36823113
36823121
36823130
36823148
36823156
36823164
36823180
36826950
36826969
36826985
36826993
36827018
36827034
36827042
36827069
36827077
36827093
36827115
36827131
36831108
36831124
36831159
36831914
36831922
36831930
36831949
36831973
36831981
36831990
36832006
36832014
36832022
36832030
36837127
36837135
36837143
36837151
36837160
36837178
36837186
36837194
36837208
36837879
36839462
36842182
36842204
36842247
36842255
36842263
36842271
36842280
36842557
36846036
36846052
36846109
36846117
36846125
36846141
36846150
36846168
36846338
36846346
36846354
36846362
36846389
36846397
36846400
36846796
36850681
36850690
36850703
36850711
36850720
36850746
36850762
36855158
36855174
36855247
36855255
36855263
36855271
36855301
36855859
36855875
36855883
36855905
36860332
36860340
36860359
36860375
36860383
36860391
36861010
36861028
36861036
36861052
36865240
36865259
36865267
36865275
36865283
36866033
36869668
36869676
36869684
36869692
36869706
36869765
36869773
36869781
36869790
36869951
36873707
36873715
36873723
36873731
36873740
36873758
36873766
36873774
36873782
36876681
36876703
36876711
36876720
36876746
36876754
36879114
36879122
36879130
36882268
36882284
36884943
36884951
36884960
36886162
36887125
36889061
36892385
36892393
36892415
36892997
36893003
36893011
36898175
36898183
36898191
36898213
36898221
36898230
36898256
36898272
36898280
36899570
36904358
36904382
36904390
36904412
36904439
36904447
36904498
36904501
36904528
36904544
36904706
36906600
36907117
36907125
36907133
36907141
36910236
36910252
36910260
36910317
36911525
36913674
36915306
36915322
36915330
36915357
36915390
36915403
36915497
36919111
36919138
36919162
36919170
36919189
36919227
36919235
36919243
36919251
36919278
36919294
36920558
36923317
36923333
36923368
36923384
36923392
36923414
36924320
36924339
36924347
36924363
36924380
36924398
36924401
36924410
36929212
36929263
36929271
36929280
36929298
36929301
36929310
36929328
36929344
36929360
36929379
36934057
36934103
36934111
36934138
36934146
36934200
36934219
36938610
36938636
36938644
36938660
36938679
36938695
36938717
36939755
36939763
36944166
36944174
36944212
36944220
36944239
36944255
36944263
36944271
36944328
36944336
36944344
36944352
36944360
36944379
36949767
36949783
36949813
36949821
36949830
36949848
36949856
36949899
36950150
36950168
36950176
36954712
36954771
36954780
36954810
36958986
36959027
36959035
36959043
36959060
36959086
36964392
36964414
36964422
36964465
36964473
36964481
36964490
36968734
36968750
36968777
36968793
36974213
