16750300
16750343
16750378
16750459
16750475
16750483
16754477
16754507
16754515
16754523
16754531
16754558
16754604
16754639
16754647
16754663
16754710
16754728
16754752
16754779
16754787
16757180
16757198
16757201
16757210
16757228
16757244
16757252
16757260
16759342
16763602
16763610
16763629
16763637
16763645
16763718
16763734
16763742
16763750
16763777
16763815
16763904
16766609
16770731
16770782
16770790
16772643
16774695
16774733
16774741
16774768
16774806
16774830
16776980
16777004
16777012
16777055
16777179
16782906
16785210
16785236
16785252
16785279
16785295
16785341
16785368
16785376
16785767
16790291
16791645
16791653
16791688
16791696
16791700
16791726
16791734
16791750
16791777
16791785
16791807
16791815
16791823
16791858
16791904
16791912
16791920
16791939
16797915
16798007
16798031
16798058
16798066
16798880
16804486
16804494
16804532
16804540
16804559
16804567
16804575
16804605
16804621
16807008
16807350
16807385
16807393
16811629
16811718
16811726
16811769
16818252
16818287
16818325
16818341
16818350
16818368
16818457
16818511
16818538
16818589
16818597
16818619
16818678
16830540
16830590
16830604
16830620
16830639
16830647
16830663
16830680
16830698
16830701
16830710
16830728
16830736
16830787
16830795
16830825
16830841
16830876
16831863
16831871
16831910
16834100
16834142
16834185
16837238
16837254
16837297
16837300
16837351
16837378
16837408
16837416
16838462
16838489
16841182
16842013
16842021
16846112
16846147
16846155
16846228
16846236
16846244
16846279
16846295
16846309
16846317
16846333
16846368
16846376
16846414
16846430
16846449
16851496
16852580
16856132
16856191
16857928
16857936
16857944
16857960
16857979
16857987
16857995
16858001
16858010
16858028
16858036
16858044
16858095
16858109
16858125
16858141
16858150
16858168
16858222
16858257
16858265
16858281
16862541
16862576
16862606
16862622
16862649
16862665
16862673
16863733
16863741
16863776
16863806
16863822
16863849
16863865
16863903
16867166
16868668
16868692
16868706
16873486
16873494
16873508
16873516
16873524
16873532
16873559
16873567
16873575
16873583
16873591
16873613
16873621
16873630
16873664
16877364
16877399
16877402
16877453
16877488
16884752
16884760
16884779
16884787
16884795
16884809
16884833
16884841
16884850
16884868
16884876
16884892
16884914
16884922
16884949
16884957
16884965
16884973
16886729
16886737
16886753
16886818
16893319
16893327
16893335
16893343
16893351
16893360
16893378
16897043
16897086
16897094
16897124
16897140
16902751
16902786
16902794
16902832
16902840
16902883
16905227
16905235
16905243
16905251
16905260
16905278
16905340
16905367
16905375
16905391
16907759
16908398
16908428
16908436
16908444
16908452
16908460
16908479
16908487
16913360
16913394
16913459
16913467
16913513
16913530
16913548
16913564
16913602
16913610
16913637
16913645
16913653
16913688
16913696
16913718
16913726
16913734
16917230
16917248
16917256
16917264
16917272
16917280
16917310
16917329
16917337
16917370
16917396
16917418
16917426
16917434
16917477
16921877
16921893
16923738
16923754
16923762
16923770
16923789
16923800
16923819
16923843
16923860
16926564
16926580
16926599
16926645
16926670
16929056
16929080
16929110
16929145
16929153
16929161
16934052
16934575
16934583
16934605
16934621
16934648
16934656
16934699
16934729
16934745
16934761
16934788
16934800
16934826
16943247
16943263
16943301
16943310
16943328
16943352
16943360
16943379
16943603
16943700
16943719
16948058
16948082
16948090
16948112
16948147
16952598
16952660
16952687
16952695
16952709
16952717
16952733
16952741
16952768
16952792
16952806
16957501
16957510
16957560
16957587
16957595
16957625
16957633
16957641
16957650
16957676
16957684
16959502
16960361
16960418
16960434
16960442
16960450
16960477
16960493
16960507
16960515
16960523
16966119
16966127
16966143
16966160
16966178
16966194
16966216
16966232
16966240
16966291
16969212
16969247
16969255
16969301
16974022
16974065
16974103
16974138
16974146
16974154
16974162
16974170
16974189
16974197
16974219
16974227
16983489
16983497
16983500
16983519
16983527
16983535
16983543
16983560
16983586
16983632
16983640
16983691
16983705
16983730
16983748
16983764
16983772
16986736
16986825
16986833
16986841
16986884
16986892
16989007
16989031
16989040
16989074
16989104
16989112
16989147
16994941
16994992
16995017
16995041
16995084
16995092
16995149
16999884
16999922
16999957
17000005
17000013
17002057
17002073
17008181
17008203
17008254
17008270
17008297
17012115
17012123
17012140
17012204
17012255
17012263
17012280
17016737
17016770
17016796
17016800
17016818
17016834
17016850
17016869
17016877
17016907
17024250
17024268
17024284
17024292
17024322
17024330
17024373
17024411
17028995
17029052
17029060
17029079
17029087
17029109
17029133
17029141
17029150
17031796
17031818
17031826
17031893
17031907
17031915
17035062
17035070
17035100
17041277
17041315
17041340
17041358
17041366
17041382
17041536
17041544
17041560
17041579
17043855
17043863
17048003
17048011
17048038
17048089
17048100
17048119
17048160
17048186
17048194
17050909
17051866
17051882
17051890
17051920
17051939
17051947
17051963
17056871
17056898
17056936
17056944
17056952
17056979
17062202
17062288
17062300
17062326
17062334
17062342
17062350
17062369
17062407
17069090
17069138
17069146
17069154
17069162
17069189
17069197
17069227
17069243
17069286
17069316
17075890
17075911
17075938
17075962
17075997
17076470
17076488
17076496
17076500
17076526
17076585
17079476
17079484
17079506
17079514
17079522
17079530
17079549
17083124
17083140
17083175
17083191
17083205
17083221
17083230
17086627
17086651
17086660
17086678
17086716
17088784
17088792
17088814
17088849
17088857
17088873
17088890
17088903
17091178
17092025
17092076
17094530
17094549
17094581
17094590
17094611
17094620
17094638
17094670
17095064
17095072
17095080
17095099
17097677
17097693
17097740
17097758
17097766
17097774
17097790
17099937
17099945
17099961
17099996
17100004
17100012
17102757
17106490
17106503
17106520
17106538
17106546
17108563
17110946
17110970
17113217
17113225
17113233
17113284
17113292
17118630
17118664
17122061
17122088
17122096
17125343
17127247
17127255
17127298
17127310
17127344
17127352
17127360
17127379
17127409
17127417
17127425
17136636
17136644
17136695
17136725
17136741
17136750
17136776
17138157
17138165
17138173
17138203
17138238
17138262
17143242
17144019
17144027
17144043
17144078
17144086
17144094
17144108
17144124
17144132
17144140
17149164
17149229
17149237
17149253
17149261
17149288
17149296
17149300
17158162
17158286
17158294
17158308
17158316
17158324
17158340
17158359
17158367
17158383
17158391
17158421
17158430
17158448
17158456
17158464
17158472
17158480
17161281
17161311
17161320
17161362
17161389
17167632
17167667
17167675
17167721
17167748
17167780
17167845
17170697
17170700
17170727
17170735
17170743
17170751
17170794
17170824
17170832
17170859
17170867
17170875
17177830
17177857
17177890
17177911
17177938
17177946
17177989
17177997
17178003
17178011
17182080
17182136
17182144
17182179
17182217
17182225
17182233
17183794
17186707
17186758
17186766
17186790
17186839
17191878
17195217
17195233
17195241
17195250
17195268
17195314
17195322
17195330
17195357
17195365
17195373
17195403
17195446
17195454
17195462
17199022
17199030
17199111
17199120
17199138
17199170
17199200
17199251
17205086
17207079
17207087
17207109
17207125
17207141
17207150
17207168
17207176
17212113
17212130
17212148
17216301
17216310
17216328
17216336
17216344
17216360
17218230
17218248
17218256
17218264
17218299
17218329
17218370
17218396
17218418
17218434
17218531
17227033
17227050
17227068
17227076
17227084
17227106
17227122
