23845039
23845063
23845080
23845110
23845160
23845179
23845187
23845195
23845217
23845241
23845276
23857564
23857572
23857580
23857599
23857602
23857629
23857670
23865460
23865478
23865516
23865591
23865605
23865621
23865630
23865648
23865664
23865699
23865729
23869607
23869615
23869690
23869704
23869720
23869739
23869747
23869755
23869763
23869771
23869780
23869810
23869828
23869836
23887824
23887840
23887859
23887875
23887883
23887891
23888676
23888684
23888692
23888706
23888749
23888781
23888790
23900591
23900850
23900869
23909256
23909272
23909299
23909302
23927317
23927341
23927350
23927422
23927473
23927490
23927520
23927538
23927554
23927562
23931385
23931423
23931466
23931482
23931512
23931555
23933904
23935670
23935700
23935719
23935727
23935735
23935743
23935751
23935778
23938022
23939036
23939044
23939079
23939087
23939095
23939125
23939133
23939141
23939184
23939206
23939230
23939249
23941125
23941150
23941206
23951331
23951366
23951374
23951382
23951404
23951412
23951463
23951471
23959491
23959505
23959548
23959556
23959572
23959580
23959629
23959688
23959696
23959700
23966154
23966170
23966189
23966219
23966278
23966286
23966294
23974610
23974645
23974653
23974670
23974688
23974696
23974700
23974734
23990179
23990187
23990217
23990225
23990241
23990268
23990292
23990306
23990390
23990403
23991727
23991735
23991743
23991751
23991794
23991824
23991840
23991859
23991867
23991875
23991883
23991891
23991905
23991913
23991921
24001470
24001488
24001500
24001518
24001534
24001542
24001550
24001569
24001585
24001593
24001607
24001615
24001623
24001631
24001640
24005412
24005420
24005439
24005455
24005536
24005560
24005579
24005587
24005595
24005609
24013180
24013199
24013202
24013229
24013237
24013245
24013253
24013288
24013300
24013318
24013326
24013342
24013350
24013369
24025282
24025290
24025312
24025320
24025410
24025428
24025436
24025444
24025460
24025479
24025509
24025517
24025525
24025533
24031780
24031799
24031802
24031810
24031837
24031853
24031870
24031888
24031918
24031926
24031977
24031993
24032000
24032026
24032050
24032069
24032077
24032085
24032093
24032123
24033080
24033099
24033110
24033129
24033161
24033200
24033218
24040665
24042534
24042542
24042577
24042607
24042615
24042623
24042631
24042682
24042704
24042763
24042771
24042780
24042798
24047710
24047752
24047817
24047825
24047841
24047850
24059579
24059587
24059609
24059625
24059722
24059730
24059757
24059765
24059773
24061897
24061900
24061927
24061943
24061960
24061986
24062876
24063251
24067555
24067580
24067598
24067601
24067610
24067636
24067644
24067652
24067679
24067695
24067709
24067733
24067750
24067776
24074455
24074463
24074471
24074510
24074560
24083836
24083844
24083860
24083887
24083909
24083933
24083968
24083976
24088914
24088922
24088930
24088949
24088957
24088965
24088973
24088990
24089030
24089049
24089057
24089073
24089081
24089103
24089111
24094975
24095067
24095091
24095105
24095121
24095156
24095172
24095180
24095199
24106085
24106115
24106166
24106174
24106190
24106271
24111685
24111693
24111707
24111715
24111723
24111731
24111758
24111766
24111782
24111790
24111804
24111812
24111839
24114770
24118802
24118837
24118888
24118896
24118950
24120586
24122765
24126368
24126376
24126384
24126406
24126414
24126422
24126430
24126449
24126465
24126473
24126481
24126490
24129950
24132033
24132076
24132084
24132114
24132149
24132157
24132165
24132173
24138672
24138680
24138699
24138702
24138729
24138737
24138761
24138788
24146489
24146497
24146500
24146519
24146527
24146543
24146551
24146560
24151507
24152197
24152219
24152227
24152278
24152308
24152316
24152324
24152332
24157461
24158688
24158696
24158718
24158726
24158742
24158777
24158785
24158793
24158823
24158858
24158890
24158939
24158947
24158963
24158998
24159039
24168770
24168797
24168800
24168819
24168843
24168860
24168894
24169369
24173726
24173734
24173742
24173750
24173769
24173777
24173793
24173823
24173840
24173874
24173882
24173890
24176951
24179192
24179206
24179222
24179281
24179290
24188042
24190174
24190204
24190220
24190247
24190263
24190298
24190301
24190310
24190328
24190352
24190360
24190387
24190409
24190441
24190492
24190514
24190530
24190549
24195562
24195570
24195597
24195600
24195635
24195651
24195660
24203924
24203940
24203975
24203991
24204016
24204032
24204040
24204067
24204075
24204083
24204091
24204105
24204148
24206777
24214451
24214494
24214605
24214630
24214648
24214656
24214672
24214680
24214699
24214710
24214761
24214800
24214850
24221831
24221840
24221858
24221874
24221904
24221947
24221963
24221971
24221980
24222918
24227850
24227869
24227885
24227907
24227931
24227958
24227966
24227974
24227982
24232806
24236239
24236255
24236263
24236280
24236310
24236344
24236352
24236379
24236433
24236441
24236468
24236476
24236484
24246054
24246062
24246089
24246097
24246100
24246119
24246127
24246135
24246151
24246178
24246186
24246194
24246267
24246283
24246291
24246321
24246330
24246348
24246356
24252790
24252803
24252811
24252820
24252838
24252854
24252862
24252900
24252935
24255478
24255486
24255508
24255532
24255559
24255575
24255605
24255621
24255664
24255672
24255702
24255710
24255753
24258539
24258547
24258555
24258571
24258580
24258598
24258610
24258628
24258644
24258652
24265153
24267154
24267162
24267189
24267200
24267227
24267235
24273164
24273172
24273261
24273270
24273326
24273334
24273342
24273369
24282910
24282952
24282960
24282979
24282987
24282995
24283028
24283060
24283079
24283087
24284619
24284635
24284643
24284651
24284694
24284740
24284759
24284775
24284783
24284805
24284821
24284830
24288556
24288564
24289268
24289276
24289284
24289292
24289314
24289373
24289403
24289420
24294493
24294574
24294787
24294809
24294825
24294841
24294850
24294868
24294906
24294922
24294930
24294957
24300552
24300579
24300587
24300595
24300609
24300617
24300625
24306822
24306830
24306849
24306865
24306890
24306911
24306920
24306946
24306954
24307291
24312980
24313005
24313013
24313021
24313048
24313056
24313064
24313080
24313099
24313102
24313110
24320100
24320118
24320142
24320150
24320177
24320215
24321806
24323980
24324020
24324055
24324136
24324152
24324187
24324195
24324209
24324217
24324225
24324233
24330405
24340069
24340077
24340085
24340093
24340107
24340123
24340140
24340166
24340174
24340182
24340212
24340220
24340239
24340247
24340255
24340301
24340310
24344192
24344206
24344214
24344222
24344257
24344265
24347350
24347636
24347652
24347660
24347687
24347695
24348461
24348470
24353735
24353778
24353786
24353794
24353816
24353832
24353859
24353867
24353875
24353883
24353891
24353905
24353921
24366212
24366247
24366255
24366263
24366280
24366298
24366328
24366395
24366409
24366425
24368590
24368604
24368620
24368639
24368647
24368655
24368663
24368671
24368701
24368710
24368787
24373961
24373970
24374002
24374029
24374037
24374053
24374070
24374096
24379905
24379948
24379964
24379972
24380004
24384081
24384090
24384103
24384111
24384197
24389623
24389631
24389640
24389674
24389682
24392491
24396833
24396868
24396892
24396914
24396922
24396957
24404219
24404227
24404260
24404278
24404308
24404316
24404340
24404359
24404367
24404383
24415960
24416000
24416027
24416043
24416051
24416078
24416116
24416132
24416167
24416183
24416205
24416213
24418907
24420346
24420354
24420400
24420427
24420435
24420451
24428153
24428196
24437887
24437895
24437909
24437933
24437941
24437950
24438025
24438033
24438041
24439454
24439462
24439489
24439500
24439535
24445014
24445022
24445030
24445073
24445103
24450231
24454772
24454802
24454810
24454845
24454926
24454934
24454942
24454977
24455026
24460871
