31144510
31144588
31150806
31150814
31150822
31150830
31150849
31150865
31150890
31150903
31150911
31150920
31150938
31150946
31150954
31156710
31156744
31156752
31156787
31156795
31156809
31156817
31156825
31156841
31156850
31156868
31159520
31160877
31162541
31162550
31162568
31162576
31162584
31162592
31162606
31162622
31162649
31170595
31170609
31170625
31170633
31170650
31170668
31170676
31170706
31170714
31170722
31172820
31173745
31177895
31177909
31177925
31177933
31177941
31177950
31177968
31177992
31178009
31178017
31178025
31178033
31178050
31178068
31182204
31182212
31182220
31182239
31182247
31182255
31183714
31183722
31183749
31183757
31183765
31183773
31183790
31183811
31188940
31188959
31190576
31190584
31190592
31190606
31190614
31190622
31190630
31191407
31197400
31197442
31197450
31197469
31197477
31197485
31197507
31197515
31197531
31197558
31197566
31197574
31197582
31201144
31203277
31203293
31203315
31203323
31203331
31203374
31204795
31204825
31204833
31204841
31204868
31204876
31204884
31204922
31208800
31208843
31208851
31208908
31208940
31208959
31208991
31209997
31210495
31210525
31211342
31216218
31216226
31216250
31216269
31216277
31216293
31220243
31220251
31220260
31220278
31223312
31223347
31223355
31223380
31223533
31223657
31223673
31223681
31223690
31223703
31223720
31223738
31223746
31223754
31223789
31223797
31223800
31223819
31223827
31223843
31229293
31229307
31229315
31229331
31229340
31229358
31229366
31229374
31229382
31229390
31229404
31229412
31229420
31229439
31236444
31236452
31236460
31236487
31236495
31236517
31236525
31236533
31236550
31236576
31237245
31237261
31237288
31237296
31237601
31244633
31244650
31244668
31244676
31244684
31244706
31244714
31244749
31244765
31244781
31244820
31244838
31249720
31249746
31249754
31249770
31250678
31250686
31250694
31250708
31250716
31250724
31250732
31256131
31256140
31256174
31256182
31256204
31256212
31256239
31256247
31256255
31256263
31256280
31256298
31258027
31263970
31263988
31263996
31264002
31264029
31264037
31264053
31264061
31264088
31264096
31270144
31271158
31271166
31271174
31271190
31271212
31276414
31276422
31276430
31276449
31276457
31276465
31276473
31276481
31276490
31276503
31276511
31279259
31279267
31279275
31279283
31279291
31283519
31283527
31283535
31283543
31283551
31283560
31283578
31283586
31283624
31284034
31284050
31286264
31292193
31292223
31292231
31292240
31292266
31292304
31292312
31292320
31292339
31292347
31292355
31292363
31292371
31292380
31292401
31292428
31293253
31296594
31296624
31296659
31296675
31303420
31303438
31303446
31303470
31303497
31303519
31303527
31303560
31303578
31303586
31304417
31304425
31304450
31311988
31312002
31312010
31312061
31312070
31312088
31312100
31312118
31312134
31312142
31312150
31316560
31316594
31316608
31316616
31316624
31316632
31316640
31316667
31317859
31317867
31317875
31317883
31317891
31322618
31322626
31322642
31322685
31322693
31322758
31322782
31322812
31322820
31326997
31330190
31330203
31330220
31330238
31330246
31330254
31330262
31330270
31330289
31330297
31330319
31335111
31338584
31338614
31338622
31338673
31338681
31338711
31338720
31338738
31343327
31343351
31343360
31343394
31344144
31344160
31344179
31344187
31344195
31344209
31344217
31349630
31349648
31349656
31349672
31349680
31349702
31349710
31349729
31349737
31349745
31349761
31349770
31349788
31349800
31349818
31349826
31349834
31349842
31353380
31353428
31355500
31355518
31355526
31355534
31355550
31355569
31355585
31355593
31355607
31355615
31355623
31355640
31355658
31355860
31361951
31361960
31361978
31361986
31362019
31362027
31362035
31362051
31362078
31362094
31362108
31362752
31367431
31367458
31367466
31367512
31367520
31367547
31367563
31368313
31374439
31374471
31374501
31374510
31374536
31374552
31374579
31374609
31376553
31376561
31376570
31376596
31380252
31380287
31380341
31381959
31381967
31381975
31381983
31382024
31382032
31382040
31382059
31385900
31385918
31385926
31386018
31386034
31386050
31386069
31393716
31393783
31393791
31393805
31393813
31393864
31401983
31402008
31402016
31402024
31402032
31402059
31402814
31402822
31402830
31402849
31402857
31402865
31408272
31408280
31408299
31408337
31408345
31408353
31408361
31408370
31408388
31408396
31408400
31412648
31414754
31414762
31414770
31414789
31414797
31414819
31414827
31414835
31414843
31414851
31414860
31414878
31414886
31414894
31414932
31414940
31414967
31414983
31420845
31420870
31420888
31420896
31420900
31420942
31420950
31420969
31420993
31421050
31426546
31426554
31426562
31426570
31426600
31426619
31426627
31426643
31426651
31426678
31426686
31427983
31434212
31434239
31434298
31434301
31434328
31434336
31439295
31439333
31440745
31440753
31440761
31440770
31440796
31440818
31440826
31440834
31440842
31440850
31440869
31440877
31448048
31448528
31448544
31448560
31448579
31448587
31448617
31448625
31448633
31448641
31448650
31448676
31448730
31453001
31453010
31453036
31453044
31453052
31453060
31453079
31453087
31453508
31453516
31453524
31453532
31453540
31460289
31460297
31460300
31460319
31460327
31460335
31460343
31460351
31460360
31460378
31460394
31461411
31461438
31461446
31461454
31467937
31467945
31467953
31467961
31467970
31467988
31468770
31468800
31473017
31473025
31473033
31473041
31473068
31473076
31473084
31481630
31481664
31481699
31481702
31481710
31481729
31481737
31481745
31481761
31481770
31481788
31481818
31481826
31481834
31481842
31481850
31481869
31481877
31481885
31481893
31481907
31487730
31487748
31487764
31487772
31487780
31487799
31487829
31487837
31487853
31487861
31487870
31487896
31487900
31487918
31494923
31495007
31495015
31495058
31495155
31495163
31495201
31495210
31502368
31502384
31502406
31502422
31502430
31502449
31502465
31502473
31502490
31502503
31508093
31508107
31508123
31508131
31508140
31508158
31508174
31509498
31509501
31509528
31509544
31509560
31509579
31515147
31515155
31515163
31515171
31515180
31515260
31515287
31515295
31515309
31515325
31515333
31515341
31515350
31515368
31515376
31515384
31515392
31516479
31521211
31521220
31521238
31521246
31521262
31521270
31521289
31521297
31521300
31521335
31521343
31527990
31528007
31528015
31528023
31528040
31528058
31528066
31528074
31528104
31529134
31535934
31535950
31535985
31535993
31536018
31536026
31536034
31536050
31536069
31536085
31536786
31536867
31546135
31546143
31546178
31546186
31546208
31546224
31546259
31546267
31546283
31546305
31547181
31547190
31552536
31552552
31552560
31552579
31552587
31552595
31552609
31552633
31552641
31552684
31552714
31552722
31552730
31559801
31559836
31559844
31559852
31559887
31559895
31559909
31568249
31568257
31568273
31568290
31568303
31568311
31568320
31568338
31568354
31568362
31577948
31577964
31577980
31577999
31578021
31578030
31578064
31578072
31578080
31578099
31578102
31578129
31578137
31587771
31587798
31587801
31587810
31587828
31587844
31587852
31587879
31587887
31587895
31587909
31591195
31591225
31591268
31591276
31591284
31591292
31591306
31591314
31595839
31595855
31595863
31595910
31595944
31595952
31595960
31595979
31595995
31596001
31596010
31596036
31596044
31596052
31596729
31604686
31604708
31604716
31604732
31604740
31604767
31604805
31604813
31604848
31604856
31604864
31604872
31604899
31604910
31604929
31606881
31606890
31606903
31606911
31606938
31606962
31606989
31606997
31607976
31608009
31608017
31608033
31608050
31614884
31614906
31614914
31614922
31614930
31614949
31614957
31614965
31614973
31614990
31621334
31621350
31621369
31621393
31621407
31621458
31621466
