31626978
31626986
31628723
31628740
31628766
31628774
31628790
31628804
31628812
31628820
31628839
31628855
31628863
31633860
31634792
31634822
31634849
31635712
31635720
31635739
31635747
31635755
31635763
31635780
31637128
31641412
31642302
31643871
31643880
31643901
31643910
31643928
31643944
31643960
31643979
31643987
31643995
31645015
31645031
31645040
31645058
31645074
31651050
31651092
31651106
31651513
31651521
31651548
31651556
31651840
31651858
31651866
31655256
31657370
31657397
31657400
31657419
31657443
31658058
31658066
31658104
31658112
31658830
31658864
31658872
31658899
31658902
31663984
31663992
31664017
31664025
31664033
31664041
31664246
31664254
31664262
31666832
31669863
31669871
31669880
31669898
31669901
31671189
31671200
31671219
31671235
31671243
31671251
31677211
31677653
31677661
31677670
31677726
31677785
31677793
31677815
31683442
31684367
31684383
31684405
31684413
31684421
31685427
31685435
31685443
31685451
31685460
31685478
31685486
31685494
31685532
31689585
31689593
31689607
31689615
31689623
31689631
31689640
31689666
31689674
31690911
31690946
31690962
31691160
31694301
31694310
31694328
31694921
31694948
31694999
31699244
31701824
31701859
31703060
31703078
31703094
31703108
31703116
31703124
31703132
31703167
31703175
31703183
31703191
31703205
31703213
31708318
31708326
31708342
31708377
31708407
31708423
31708431
31708440
31715552
31715560
31715579
31715595
31715617
31715625
31715633
31715650
31715668
31715684
31715714
31715722
31715730
31715757
31721198
31721210
31721228
31721236
31721244
31721279
31721287
31721295
31721317
31721325
31721341
31721384
31721392
31721449
31726799
31727026
31727034
31727077
31727085
31734694
31734759
31734767
31734775
31734805
31734856
31734880
31734945
31734996
31735002
31740394
31744205
31746036
31746052
31746060
31746079
31746087
31748843
31758529
31758545
31758553
31758561
31758588
31758596
31758600
31758634
31758650
31758677
31758707
31760219
31772582
31772604
31772612
31772620
31772639
31772647
31772663
31772671
31772680
31772698
31772701
31775287
31783204
31786308
31786324
31786383
31786391
31786413
31786421
31786430
31786448
31788287
31792741
31797080
31797099
31797137
31797145
31797153
31797234
31797250
31797269
31797323
31799758
31813658
31813682
31813690
31813712
31813720
31813739
31813747
31813755
31828101
31828110
31828136
31828152
31828233
31828241
31828292
31828322
31842114
31842122
31842149
31842157
31842165
31842173
31842203
31842238
31842246
31854615
31854631
31854690
31868378
31869926
31869934
31869942
31869969
31869977
31870025
31870033
31870041
31870050
31870076
31870092
31870106
31870114
31878614
31878622
31878630
31878665
31878673
31878681
31878690
31878720
31878738
31889591
31889605
31889613
31889630
31889656
31902011
31902020
31902038
31902046
31902054
31902062
31902097
31902127
31902135
31902143
31902151
31902720
31913282
31913592
31913649
31913711
31916009
31916017
31916025
31916033
31916041
31916050
31916068
31916114
31916122
31916149
31918484
31927750
31927792
31927830
31927865
31928569
31928577
31928585
31928593
31928607
31928615
31929181
31929190
31929203
31929211
31936030
31936057
31936065
31936073
31936081
31936103
31936669
31936685
31945080
31945101
31945110
31945136
31945144
31945160
31945179
31945187
31945195
31945209
31951294
31951316
31951324
31951340
31951375
31951383
31951391
31951405
31957858
31957866
31957874
31957882
31957890
31957904
31957920
31958551
31959344
31964960
31964979
31964995
31965001
31965010
31965028
31965044
31966520
31966538
31966554
31972173
31972181
31972190
31972211
31972246
31976760
31976787
31976795
31976809
31976817
31977391
31977448
31983458
31983466
31983474
31983490
31983512
31983539
31989396
31989400
31989450
31990110
31990129
31990137
31990153
31990161
31990170
31990188
31996245
31996270
31996288
31996296
31996300
31996911
31996920
31996954
32003676
32003706
32003714
32003730
32003757
32010223
32010258
32010266
32010274
32010282
32010290
32010304
32010339
32010347
32010355
32010363
32010622
32010630
32010649
32010657
32011970
32014187
32014195
32014225
32015107
32020057
32020073
32020081
32020090
32020103
32022724
32022732
32022740
32022767
32027888
32027896
32027900
32027918
32027950
32027969
32027985
32028409
32028450
32028492
32035368
32035384
32035406
32035422
32035430
32035449
32035457
32035465
32035490
32042063
32042071
32042080
32042098
32042101
32042110
32042144
32042152
32042179
32042195
32042209
32042519
32042527
32046995
32047001
32047028
32047036
32047044
32047052
32048180
32048325
32048333
32053143
32053160
32053178
32053194
32053208
32053216
32053801
32053810
32053836
32053844
32053852
32056611
32060132
32060140
32060183
32060191
32061871
32061880
32061898
32061901
32061910
32061936
32061944
32061960
32061979
32061987
32061995
32062010
32065776
32065784
32066917
32066933
32067491
32069255
32071980
32071999
32072013
32072064
32072099
32072137
32072145
32072153
32072188
32072196
32072218
32072277
32078237
32078245
32078261
32078270
32079399
32079402
32079410
32079429
32079445
32079615
32083411
32084271
32084280
32084298
32084301
32084310
32084328
32084344
32084352
32084360
32084379
32084395
32084409
32084417
32084425
32084441
32084468
32084476
32088109
32088125
32088737
32088745
32088753
32088761
32088770
32088788
32088796
32088877
32089708
32089759
32094151
32094160
32094178
32094208
32094224
32094232
32094283
32094291
32094810
32099779
32099787
32100199
32100202
32100210
32100830
32103977
32103985
32103993
32104000
32104018
32104026
32104034
32105374
32105382
32105404
32106639
32106647
32106655
32106663
32106680
32106876
32108958
32108974
32109023
32110583
32110605
32110613
32110648
32110656
32114950
32114984
32114992
32115009
32115017
32117395
32117409
32117433
32117441
32117468
32117476
32120765
32120773
32120781
32120790
32121353
32121361
32121442
32121736
32125827
32125835
32126849
32126857
32126865
32126873
32127917
32127925
32127933
32127941
32127950
32127968
32127976
32127984
32127992
32128009
32129136
32131250
32132069
32132077
32132085
32132093
32132107
32132115
32132123
32132131
32136796
32136800
32136826
32136834
32137406
32137422
32137449
32137457
32137503
32141423
32141458
32141474
32144390
32144403
32144411
32144420
32144454
32148456
32148464
32148480
32148499
32148979
32149036
32153932
32153940
32153959
32154300
32154318
32154334
32154342
32159579
32159609
32159633
32159641
32159650
32159668
32159676
32159714
32159722
32163871
32163880
32164680
32164699
32164710
32164729
32169912
32169920
32169939
32169947
32169963
32169971
32169980
32169998
32170003
32171572
32173387
32173395
32173409
32175043
32175051
32175060
32175086
32175094
32175116
32179509
32179517
32179533
32179541
32181290
32186131
32186140
32186158
32186166
32186174
32186182
32186212
32186220
32186239
32186247
32186255
32186263
32186271
32186280
32186301
32186310
32186328
32186336
32186344
32186352
32189812
32190248
32191189
32191197
32191219
32191227
32195032
32195040
32195067
32200937
32200961
32200970
32200988
32200996
32201010
32201037
32202032
32204467
32204505
32207250
32207277
32207285
32207293
32209790
32209820
32209871
32209898
32213341
32215679
32215717
32216674
32216682
32216690
32216704
32218250
32220390
32220403
32220411
32220691
32220721
32225869
32225877
32225885
32225907
32225915
32225923
32225931
32225940
32225966
32225974
32225982
32225990
32226007
32226317
32226333
32226350
32226368
32231046
32231054
32231070
32231089
32231097
32231682
32236280
32236299
32236310
32236329
32236345
32236353
32237057
32237065
32237073
32237081
32237090
32237103
32237120
32241104
32241112
32241120
32241147
32243156
32243164
32247484
