14247460
14250333
14250341
14250376
14250392
14250414
14250430
14250465
14250481
14254351
14258159
14258167
14259030
14259057
14259065
14259073
14259138
14259146
14259154
14259162
14263112
14263155
14263171
14263180
14263201
14265989
14266011
14266020
14266038
14266046
14266062
14266933
14269360
14269417
14269425
14272722
14272749
14272757
14272790
14272838
14272846
14276201
14276244
14276260
14276317
14276333
14280709
14280733
14280776
14280784
14280806
14280822
14280830
14280857
14284166
14284174
14284182
14284239
14293008
14293032
14293113
14293121
14293130
14293148
14293156
14293164
14293172
14293180
14293199
14293202
14293288
14296160
14296187
14296217
14296241
14296268
14296276
14296330
14296365
14297468
14297530
14297557
14297565
14297581
14302793
14302840
14302866
14302874
14306060
14307030
14309864
14309910
14309929
14309937
14309945
14309961
14312428
14312444
14312509
14312517
14312533
14312550
14312568
14312576
14312584
14314097
14317778
14317786
14317794
14317816
14317824
14317840
14317875
14317883
14317891
14317921
14320323
14320331
14320358
14320382
14320412
14322634
14322685
14322693
14322707
14322715
14322723
14329500
14329519
14329535
14329543
14329608
14329616
14329659
14329667
14329683
14331888
14331900
14331942
14331950
14335650
14335677
14335693
14338053
14338070
14338088
14338096
14343513
14343572
14343599
14343602
14343629
14346820
14346846
14347523
14349702
14349710
14349729
14349745
14349753
14349761
14349770
14352287
14352309
14352350
14352368
14352406
14352422
14352430
14352465
14358620
14358956
14358972
14358980
14359013
14359056
14359072
14359099
14359129
14359137
14359153
14359161
14359188
14359196
14359218
14359226
14364311
14364320
14364346
14364354
14367512
14367539
14367547
14367555
14369122
14369238
14369254
14373573
14373611
14377192
14383194
14383232
14383291
14383313
14383330
14383348
14383399
14383410
14383429
14383437
14384823
14388906
14388914
14388922
14388930
14388949
14388957
14388973
14388990
14389006
14389022
14389030
14389065
14389073
14389081
14389103
14389111
14389154
14389200
14390868
14392907
14393600
14393619
14393635
14393686
14393708
14393716
14395490
14395520
14395555
14395571
14398470
14398519
14398535
14398543
14398560
14400341
14400350
14401827
14405500
14405535
14407781
14407838
14407846
14407854
14407889
14411421
14411430
14411448
14411537
14411545
14411561
14411596
14411626
14416593
14416607
14416666
14416704
14419263
14419298
14419328
14419336
14423175
14423191
14423213
14427789
14427797
14427819
14427860
14427878
14427908
14427916
14430326
14430334
14430350
14430369
14430377
14430393
14434077
14434131
14437979
14437995
14442355
14442363
14442371
14442401
14442428
14442436
14442444
14442460
14442509
14444925
14446373
14446748
14446764
14446780
14446802
14450978
14450994
14451019
14455827
14457410
14457429
14457437
14457496
14457500
14457518
14457526
14457542
14457593
14457607
14460106
14460114
14460165
14460203
14460246
14460270
14460289
14463102
14463129
14467392
14467406
14467414
14467465
14468533
14471474
14471490
14471504
14471520
14471547
14476595
14476609
14476633
14476641
14476714
14476765
14481800
14481826
14481834
14481850
14481869
14481877
14481893
14481966
14481982
14486769
14486777
14488433
14488441
14488450
14488468
14488506
14488522
14488530
14488549
14488565
14491358
14493308
14493332
14493340
14493448
14493480
14493499
14496673
14496703
14496720
14496789
14496797
14503037
14503045
14503096
14503150
14503177
14509609
14509668
14509722
14509757
14509765
14509781
14512744
14512760
14512809
14512825
14512841
14512850
14517733
14526057
14526081
14526111
14526162
14526219
14526227
14526235
14526278
14532423
14532440
14532458
14532520
14532539
14535560
14535578
14535586
14535594
14535608
14535632
14540132
14540159
14540183
14540205
14540256
14540272
14540280
14543848
14543856
14543864
14543872
14543880
14543902
14543910
14544029
14544037
14544045
14548349
14548365
14548462
14550993
14551000
14551018
14554367
14554405
14554502
14554510
14557690
14557720
14557754
14557770
14557800
14561089
14561399
14561984
14562122
14562130
14564956
14564980
14571635
14571643
14571660
14571678
14571708
14571716
14571724
14571767
14571805
14571813
14572835
14572851
14578234
14578269
14580064
14582502
14587429
14587461
14587470
14592360
14592395
14592409
14592425
14592468
14592476
14594019
14594051
14594078
14594086
14596842
14600234
14600277
14600285
14600293
14600307
14600323
14600340
14600404
14600439
14600455
14600498
14603702
14603729
14603737
14603745
14603761
14603893
14605851
14605886
14605916
14605924
14605932
14605967
14605975
14609713
14609756
14609780
14609802
14614361
14614418
14614442
14614450
14614469
14614485
14614493
14614507
14614582
14614590
14614620
14614655
14621695
14621709
14621717
14622640
14627442
14627450
14627469
14627477
14627485
14627493
14627507
14627523
14627531
14627558
14627566
14627574
14627590
14627612
14627620
14634202
14634806
14634890
14634911
14634920
14634938
14634962
14634970
14636963
14637667
14637675
14642337
14642345
14642353
14642361
14642388
14642400
14642450
14642469
14642485
14642515
14642523
14642540
14650437
14650445
14650453
14650470
14650496
14650518
14650542
14650577
14650585
14650607
14650623
14650690
14650704
14650720
14650739
14650780
14654528
14655221
14655280
14655302
14655329
14655345
14655370
14655388
14655400
14655426
14656936
14656944
14656952
14657010
14657028
14660775
14660805
14660899
14661304
14663119
14663127
14668604
14668612
14668620
14668647
14678918
14678926
14678942
14678950
14678977
14678985
14679000
14679018
14679077
14679093
14679107
14679115
14679166
14679190
14679204
14679212
14679271
14679344
14681417
14681425
14685397
14685419
14685435
14685443
14685451
14685460
14685486
14689160
14689216
14689267
14689291
14689305
14689313
14689321
14689330
14689348
14689372
14689380
14689402
14693918
14695838
14695862
14695889
14696370
14696426
14697480
14697979
14697987
14697995
14701638
14701689
14701700
14701735
14701751
14701778
14701786
14701794
14701808
14706031
14706040
14706074
14706090
14709380
14709399
14709410
14711577
14711585
14711615
14711623
14711640
14714522
14716841
14716914
14723520
14723539
14723571
14723580
14723598
14723601
14723628
14726578
14726608
14726616
14726640
14726659
14726667
14726683
14726691
14726721
14731310
14731655
14731728
14731744
14731752
14731809
14731825
14736610
14736660
14736709
14740556
14740564
14740572
14740580
14740610
14743242
14743250
14743269
14743323
14743340
14748649
14750665
14750711
14750754
14750770
14750789
14750827
14755239
14755255
14755298
14755301
14755352
14755395
14755417
14758286
14758316
14758332
14765151
14765160
14765208
14772272
14772280
14772299
14772329
14772337
14772345
14772353
14772370
14772388
14772400
14772418
14772442
14772485
14788767
14788783
14788791
14788813
14788821
14788856
14788864
14788880
14788899
14788910
14788929
14788937
14788945
14788988
14789002
14789010
14789037
14789045
14789070
14789096
14789126
14789134
14789142
14789150
14789169
14789185
14789193
14789290
14789304
14802012
14802020
14802047
14802055
14802063
14802080
14802101
14802160
14806634
14806642
14806693
14806731
14812059
14812202
14812229
14812237
14812245
14812300
14812326
14812350
14812407
14812431
14812440
14815020
14819065
14819073
14819120
14819138
14819170
14819189
14819804
14828608
14828616
14828640
14828667
14828675
14828683
14828705
14828713
14828730
14828748
14828772
14828780
14828799
14828802
14828810
14828853
14828870
14829646
14829662
14834685
14834693
14845129
14845145
14845170
14845218
14845226
14845242
14845269
14845277
14845285
14845315
14845340
14845366
14845374
14851970
14851988
