17227165
17227181
17227203
17227220
17227254
17227270
17229280
17229310
17229328
17229360
17229387
17229409
17229425
17229441
17229450
17229476
17229492
17233795
17233809
17233817
17233876
17233892
17233914
17233922
17234839
17241445
17241496
17241500
17241585
17241593
17241615
17241640
17241658
17241682
17241712
17246698
17247979
17247987
17248010
17248052
17248087
17248095
17248117
17248125
17248141
17248176
17248184
17254739
17254763
17254771
17254780
17254801
17254810
17254828
17254836
17254852
17259159
17259183
17259191
17259248
17259264
17259280
17259302
17259310
17259361
17259370
17259388
17259396
17262774
17263028
17263036
17263044
17263079
17263087
17263095
17263117
17263133
17263168
17263192
17263206
17263214
17263222
17267143
17269861
17269900
17270033
17270041
17270084
17270092
17270122
17270149
17270173
17270190
17270203
17273854
17273900
17273919
17273943
17273960
17273978
17274027
17274078
17274086
17274094
17274108
17274124
17274132
17274140
17280711
17281407
17281423
17281440
17281458
17281490
17281504
17281512
17281571
17281580
17281598
17281601
17281610
17281636
17281644
17288170
17288197
17288251
17288278
17288294
17288308
17288359
17288367
17288375
17288391
17288405
17288421
17288430
17288456
17288464
17294490
17294520
17294563
17294571
17308103
17308120
17308162
17308189
17308219
17308227
17308235
17308324
17308332
17308359
17308375
17308383
17311664
17311672
17311680
17311699
17311710
17311737
17311753
17311818
17311834
17311850
17311885
17311893
17311958
17311966
17311974
17317365
17317438
17317446
17317462
17317489
17317500
17317543
17317616
17317624
17317632
17325228
17326991
17327016
17327067
17327083
17327105
17327113
17327172
17331947
17331971
17332101
17332110
17332128
17332136
17337966
17337990
17342547
17342563
17342598
17342610
17346115
17346174
17346220
17346301
17349359
17349375
17349391
17349405
17349430
17349448
17349456
17349464
17349502
17352184
17352206
17352214
17352265
17352400
17356631
17361166
17361190
17361204
17361239
17361255
17361263
17364898
17364910
17364952
17364960
17364979
17364987
17365036
17365052
17365060
17365079
17371127
17372688
17373764
17373772
17373799
17373802
17373810
17376051
17376086
17376094
17376132
17376167
17376175
17376183
17376221
17376256
17376272
17381392
17381406
17381414
17381422
17381430
17381457
17383997
17391787
17394384
17394392
17394414
17394422
17394449
17394457
17394490
17394503
17394511
17394546
17394554
17394562
17394570
17394600
17395592
17395614
17395673
17395681
17395720
17399152
17399179
17399187
17399217
17402487
17402495
17402517
17402525
17402584
17402606
17402622
17402630
17402649
17402690
17402711
17405092
17405114
17405130
17405165
17405173
17405220
17405238
17405246
17412693
17412715
17412758
17412766
17412782
17412790
17412855
17412863
17422379
17422387
17422395
17422409
17422417
17422433
17422476
17422514
17422530
17424825
17424850
17424884
17434950
17435000
17435042
17435069
17435077
17435107
17435115
17435123
17435166
17435174
17435190
17435204
17435220
17435255
17435263
17441052
17441060
17441125
17441176
17441222
17441230
17446440
17446459
17446467
17446483
17446491
17446513
17446556
17446564
17446572
17446580
17446653
17449757
17451625
17451641
17451668
17451684
17451714
17451722
17451781
17451803
17451811
17451820
17459548
17459599
17459629
17459645
17459688
17459696
17459769
17461572
17463670
17463697
17463700
17463735
17463743
17463751
17463808
17463816
17463824
17463859
17463867
17463883
17463913
17470821
17470830
17470856
17470864
17470880
17470899
17470910
17470929
17471002
17471010
17471029
17471045
17475500
17475560
17475586
17475594
17475608
17475667
17475683
17481324
17481367
17481375
17481413
17481430
17481448
17481464
17481502
17481510
17481529
17484738
17485792
17485806
17485814
17485857
17485881
17485890
17485911
17485938
17485946
17485970
17490942
17490985
17491026
17491034
17491042
17491050
17491077
17498482
17498512
17498520
17498563
17509611
17509620
17509638
17509646
17509654
17509700
17509743
17509778
17509794
17509824
17509859
17511212
17511220
17511247
17511255
17511280
17511298
17511328
17511344
17511352
17511379
17511387
17511433
17511441
17511450
17511476
17518105
17518113
17518121
17518130
17518164
17518725
17522408
17522416
17522424
17522440
17522459
17522467
17522475
17522491
17522513
17522521
17525129
17525137
17525145
17525170
17525200
17525218
17525226
17525250
17526701
17527910
17527928
17527979
17528001
17528044
17528060
17528079
17528087
17528095
17528109
17528125
17536373
17537760
17537778
17537808
17537816
17537832
17537859
17537875
17537948
17539698
17539701
17539779
17539795
17539809
17539825
17539833
17539868
17539876
17548505
17548548
17548556
17548580
17548610
17548629
17548653
17548670
17548688
17548700
17548718
17551691
17551730
17551748
17551764
17551780
17555243
17555251
17555260
17555324
17555383
17555391
17555464
17555472
17555480
17555499
17555502
17557970
17559520
17559539
17559555
17559563
17559571
17559610
17559636
17559652
17559687
17559733
17565379
17565417
17565433
17567639
17567647
17567663
17567671
17567710
17567744
17567779
17570103
17572325
17572341
17572368
17572376
17572384
17572406
17572430
17572449
17572457
17572465
17576688
17581102
17581137
17581145
17581153
17581188
17581226
17581234
17582515
17582558
17587733
17587814
17587822
17587865
17587881
17593107
17593123
17593182
17593204
17593239
17593255
17593280
17593310
17593352
17593379
17597397
17597400
17597460
17604281
17604303
17604320
17604354
17604362
17607520
17607547
17607571
17607601
17607628
17607636
17607660
17607695
17607709
17607733
17607750
17607768
17611017
17612438
17612489
17612543
17612551
17616332
17616375
17616383
17616391
17616421
17616430
17616448
17620627
17621606
17621649
17621703
17621720
17621738
17621746
17621754
17621800
17621827
17629286
17629294
17629308
17629316
17629324
17629332
17629340
17629367
17629405
17629421
17629430
17629456
17629499
17634037
17634045
17634061
17634070
17634096
17634100
17634118
17634150
17634177
17636321
17636330
17636348
17636364
17636372
17642595
17642609
17642633
17642650
17642722
17642730
17642757
17642765
17648458
17648466
17648474
17648482
17648512
17648520
17648539
17648610
17648628
17648644
17648652
17648679
17648687
17648709
17650083
17650113
17650121
17650130
17653446
17653470
17657464
17662088
17662134
17662185
17662193
17662207
17662231
17662258
17668269
17668285
17668315
17668340
17668358
17668366
17668374
17668382
17668390
17668412
17668420
17670013
17670994
17672839
17672880
17672898
17672944
17672979
17676156
17676164
17676172
17676237
17676261
17676270
17676300
17676318
17676342
17676350
17676369
17676377
17676407
17676415
17678505
17681004
17681012
17681039
17681063
17681071
17681080
17681098
17681101
17681136
17681144
17681152
17681187
17681195
17681217
17681233
17681250
17681306
17682107
17682123
17682140
17686281
17686303
17686320
17686338
17686370
17686397
17686419
17688444
17689997
17690002
17690010
17690029
17690037
17690045
17690070
17690150
17690169
17696137
17696145
17696153
17696161
17696170
17696188
17696196
17696218
17696242
17696285
17696293
17696331
17696340
17701128
17701152
17701179
17701209
17701217
17701225
17701233
17701268
17701276
17701314
17701330
17706087
17706133
17706168
17706176
17706230
17706281
17706290
17709113
17714993
17715018
17715026
17715050
17715069
17715085
17715166
17715174
17715204
17720790
17720804
17720812
17720839
17720855
17720863
17720944
17720979
17720987
17720995
17721982
17722007
17722031
17722066
17722139
17722180
17729498
17729536
17729544
17729552
17733472
17733480
17733529
17733537
17733553
17733588
17733596
17733626
17733707
