35758343
35758351
35758360
35758378
35758408
35765014
35765022
35765049
35765057
35765065
35765073
35765090
35765103
35765120
35765138
35765162
35765170
35765189
35765197
35765200
35766877
35766885
35770444
35770495
35770517
35770959
35770967
35770975
35771016
35771032
35771040
35771059
35771067
35771083
35778820
35778839
35778847
35778871
35778910
35778928
35778936
35778944
35778952
35778960
35779338
35779370
35779389
35779397
35779400
35779419
35779427
35779435
35785011
35785046
35785054
35785070
35785097
35785100
35785127
35785135
35785143
35793073
35793103
35793120
35793146
35793197
35793219
35793227
35793260
35793278
35797873
35797911
35797920
35797938
35800090
35800111
35800120
35800154
35800383
35807330
35807349
35807365
35807373
35807390
35807403
35807411
35807438
35807462
35807489
35807497
35807500
35807527
35807535
35807543
35807551
35807560
35807578
35807586
35815449
35815465
35815473
35815481
35815490
35815511
35815562
35815570
35815627
35816223
35816231
35816240
35816274
35816304
35816312
35816320
35823310
35823328
35823344
35823360
35823387
35823417
35823425
35823433
35823450
35823476
35823492
35823514
35823530
35823549
35823565
35823573
35823581
35823590
35824544
35831045
35831053
35831061
35831070
35831088
35831096
35832237
35832245
35832253
35832270
35836654
35836662
35836697
35837960
35837978
35837986
35843287
35843309
35843902
35843910
35843929
35843937
35843945
35843953
35843961
35843988
35843996
35844002
35844029
35844037
35844053
35844061
35844665
35844673
35844681
35844908
35844916
35844924
35845130
35847394
35852439
35852471
35852501
35852510
35852528
35852536
35853051
35853787
35853817
35853825
35853833
35854421
35854430
35858504
35858962
35858970
35858989
35858997
35859003
35859011
35859038
35859054
35859062
35859070
35859097
35861739
35861747
35861771
35861780
35861798
35861810
35861828
35861836
35861844
35867260
35867278
35868052
35868060
35868087
35868125
35868133
35868141
35868150
35868168
35868176
35868192
35868206
35868214
35868222
35868230
35871589
35871600
35871627
35871635
35872738
35872746
35872762
35872800
35879221
35879264
35879280
35879337
35879345
35879361
35879388
35879396
35879400
35879418
35879450
35886385
35886393
35886407
35886423
35887470
35887488
35887500
35887518
35887526
35887534
35887550
35887569
35887577
35887585
35887593
35893749
35893757
35893765
35893781
35893803
35893811
35893820
35893838
35893870
35893889
35893897
35893919
35895235
35895243
35895251
35895260
35895294
35897619
35902545
35902596
35902600
35902642
35902685
35902715
35902723
35902740
35908297
35908319
35908351
35908688
35909160
35909187
35909209
35909527
35910386
35913447
35913463
35913471
35914671
35914680
35914698
35914701
35914710
35914744
35916044
35916052
35917015
35917023
35922178
35922194
35922208
35922224
35922232
35922259
35922267
35922275
35922283
35922291
35922313
35922321
35922330
35922348
35923300
35923319
35923327
35929338
35929362
35929370
35929389
35929397
35929400
35929419
35929427
35929443
35929915
35929940
35929974
35929982
35930618
35930626
35930634
35936505
35936521
35936530
35936556
35936564
35936580
35936599
35936610
35936629
35936637
35936645
35936653
35941315
35941331
35941366
35941382
35941404
35941412
35941420
35941439
35941455
35942248
35942256
35943006
35947806
35947822
35947830
35947849
35947857
35947865
35947873
35947881
35947903
35947920
35947938
35947954
35948003
35949165
35949173
35949181
35949190
35949203
35954170
35954528
35955531
35955558
35955566
35955574
35955582
35955590
35955604
35955612
35955647
35955990
35957095
35962326
35962342
35962369
35962385
35962393
35962407
35963399
35963429
35967927
35967943
35967994
35968000
35968019
35969421
35969430
35969448
35969456
35969464
35969472
35969499
35970973
35970981
35974606
35974614
35974630
35974665
35974681
35975040
35980004
35980047
35980055
35980098
35980101
35981379
35981387
35981395
35981409
35981425
35981433
35985087
35985095
35985117
35986090
35986104
35986112
35986147
35987860
35989887
35992238
35992246
35992254
35992670
35992696
35992700
35992718
35992742
35992750
35992769
35992823
35993373
35993381
35993390
35993403
35993411
35993420
35993438
35993462
35995048
35995340
36000230
36000257
36000265
36000273
36000303
36000320
36000338
36001120
36001139
36001147
36001155
36001163
36001171
36005696
36005700
36005742
36005750
36005777
36005785
36005882
36006349
36006357
36006365
36006373
36006381
36007522
36008765
36008773
36008781
36010161
36010188
36010196
36010218
36010226
36010234
36010250
36010277
36010307
36010315
36010340
36010358
36010366
36017844
36017852
36017860
36017879
36017925
36017941
36017984
36017992
36018009
36018017
36018033
36018050
36019241
36024876
36024884
36024892
36024906
36024914
36024922
36024930
36024957
36025022
36025030
36025049
36025065
36025073
36025081
36025103
36029920
36029938
36029946
36029954
36029970
36030010
36030029
36030045
36030975
36030983
36030991
36031008
36031016
36031024
36031032
36031040
36033785
36033807
36033823
36033831
36033858
36034268
36034527
36037930
36037949
36037957
36037965
36037981
36037990
36038014
36038022
36038030
36038774
36041214
36041222
36041230
36042759
36042791
36042805
36042813
36042821
36043703
36043711
36043720
36043746
36043754
36043762
36043789
36047390
36048093
36048107
36048140
36048182
36048204
36048239
36049145
36049153
36049161
36053529
36053553
36053561
36053626
36053642
36053685
36054109
36057318
36057326
36057377
36057385
36057784
36057792
36057806
36065779
36065795
36065809
36065817
36065825
36065833
36066570
36066618
36066626
36067141
36067150
36068457
36072091
36072121
36072156
36072172
36072199
36072202
36072229
36072300
36072326
36072334
36072342
36072970
36072989
36073399
36078922
36078930
36078957
36078965
36078973
36078981
36078990
36079014
36079030
36079049
36079073
36079081
36079090
36084681
36084690
36084703
36084711
36084720
36084738
36084770
36084800
36084983
36084991
36085008
36089794
36089808
36089816
36089824
36089832
36089840
36089859
36089875
36089913
36089921
36089930
36089948
36089956
36089964
36089972
36089980
36090640
36090659
36090667
36095745
36095753
36095788
36095796
36095800
36095826
36095842
36095850
36095885
36095893
36102109
36102117
36102125
36102133
36102141
36102150
36102168
36102176
36102184
36102206
36102230
36102249
36102257
36103198
36103210
36107793
36107823
36107831
36107840
36107874
36107882
36107904
36107912
36107920
36107947
36112820
36113167
36113191
36113205
36113213
36113230
36113604
36119917
36119925
36119933
36119941
36119968
36119992
36120008
36120032
36120040
36120067
36120083
36120105
36120113
36120121
36120130
36124824
36124832
36124840
36124859
36124867
36124875
36124883
36124891
36124905
36124913
36124921
36125277
36125285
36125307
36125315
36125323
36125340
36125358
36125706
36129961
36129988
36129996
36130729
36130761
36130770
36131929
36131961
36132932
36137204
36137220
36137239
36137310
36137336
36138587
36141752
36141779
36141787
36141795
36141809
36142804
36142952
36143230
36146970
36147682
36147690
36147712
36147720
36147739
36147747
36147763
36147780
36147798
36147801
36150750
36153420
36153455
36153463
36153480
36153498
36153501
36153536
36153552
36158622
36158630
36158665
36158673
36158711
36159253
36159261
36159270
36159288
36159318
36159342
36165859
36165867
36165875
36165883
36165891
36165921
36165948
36165956
36165964
36165999
36166005
36166307
36166315
36166331
36169079
36169087
36169095
36169117
36169729
36169737
36170120
36173894
36173924
36175020
36175038
36175062
36175070
36175089
36175097
36175119
36175127
36175135
36175143
36175151
36177322
36180182
36180204
36180239
36180271
36180280
36180298
36180301
