27949954
27949962
27949997
27950010
27954748
27954772
27958898
27958901
27958928
27958936
27958952
27958979
27958987
27965585
27965607
27965615
27965631
27965658
27965674
27972744
27972752
27974796
27980453
27980470
27980488
27980496
27980518
27980534
27980542
27980550
27980577
27980585
27980607
27980615
27980623
27986316
27986332
27986367
27986383
27986391
27990384
27990392
27990406
27990422
27990457
27998370
27998388
27998396
27998400
27998418
27998434
27998450
27998485
27998515
28005199
28005202
28005210
28005253
28005261
28005288
28005296
28012544
28012552
28012560
28012579
28012587
28012595
28012609
28012617
28012625
28012650
28019674
28019682
28019712
28019755
28019771
28019780
28019798
28019941
28023500
28023519
28023535
28023551
28023578
28023586
28023594
28023616
28033377
28033385
28033393
28033407
28033415
28033423
28033431
28033440
28033466
28033482
28033504
28033512
28037727
28037735
28037743
28037778
28037786
28039000
28039019
28039027
28039035
28039043
28044120
28044139
28044163
28044171
28044180
28044198
28046164
28046172
28050521
28050548
28050556
28050572
28050580
28050602
28058690
28058711
28058720
28058754
28058770
28058797
28058800
28058819
28058835
28058843
28058851
28067787
28067809
28067825
28067833
28067841
28067850
28067868
28067876
28067884
28067892
28067906
28067914
28072619
28072635
28072643
28072651
28072660
28072686
28072708
28086010
28086045
28086053
28086061
28086070
28086088
28086096
28086100
28086126
28086134
28086142
28086177
28086185
28086223
28086231
28090330
28090356
28090364
28090372
28090380
28090402
28090410
28090437
28090453
28098244
28098279
28098287
28098295
28098325
28098350
28098368
28098392
28098406
28098414
28106240
28106266
28106290
28106304
28106347
28106355
28106363
28106410
28106428
28106436
28106460
28106479
28111831
28111866
28111874
28111882
28111890
28111904
28111912
28111920
28111939
28111947
28111955
28111980
28111998
28112004
28112020
28112039
28112047
28112063
28114889
28119240
28119266
28119290
28119304
28119312
28119339
28125055
28125063
28125080
28125098
28125101
28125144
28125152
28133368
28133384
28133414
28134860
28134886
28134924
28134959
28134983
28134991
28144006
28144014
28144022
28144030
28144103
28144111
28144138
28144146
28144162
28144170
28144197
28144200
28149747
28149755
28149771
28149780
28149810
28149828
28149844
28150687
28150750
28154514
28156078
28157740
28157758
28157766
28157774
28157782
28157804
28157812
28157839
28157855
28157880
28161368
28161376
28161384
28161406
28161414
28161422
28161465
28168943
28168960
28168978
28168986
28169000
28169027
28169035
28169051
28169060
28174821
28174848
28174856
28184078
28184124
28184159
28185430
28191334
28191377
28191385
28194853
28194861
28194870
28194896
28194900
28194934
28194942
28194950
28194969
28194977
28194993
28202719
28202727
28202751
28202760
28202778
28202808
28202816
28202824
28207171
28207201
28207228
28207244
28219966
28219974
28219990
28220014
28220049
28220065
28220073
28220081
28220090
28220103
28220111
28220812
28226459
28226483
28226491
28226505
28226521
28226530
28227691
28236932
28236959
28236975
28236983
28236991
28237016
28237024
28237032
28237059
28237067
28237075
28237083
28237091
28237105
28237113
28237148
28237156
28237164
28237172
28237180
28237199
28237202
28244790
28244803
28244820
28244846
28244854
28244862
28244870
28244889
28244897
28244919
28244927
28244935
28244943
28244951
28253127
28253135
28253160
28253186
28253194
28253240
28253267
28253275
28253283
28253305
28253313
28253321
28255241
28261952
28261987
28261995
28262001
28262010
28262028
28262044
28262060
28262079
28262095
28262109
28262117
28262125
28262133
28266399
28266402
28268306
28268322
28268349
28268357
28268373
28268390
28277142
28277150
28277177
28277185
28277207
28277215
28277223
28277231
28277258
28277266
28277290
28277304
28277312
28277320
28284620
28284646
28284697
28284719
28284760
28292665
28292673
28292690
28292738
28292746
28292762
28292770
28292789
28292797
28299256
28299264
28299299
28299310
28299388
28299396
28299400
28299418
28299434
28299450
28299469
28305340
28305358
28305366
28305374
28305382
28305412
28305420
28314453
28314461
28314500
28314518
28314534
28314542
28314569
28314585
28314593
28314607
28314615
28314631
28319981
28319990
28320005
28320013
28328610
28328637
28328645
28328653
28328700
28328726
28328734
28328742
28328785
28328793
28336141
28336150
28336168
28336176
28336184
28336206
28336230
28336249
28336273
28336281
28336311
28341660
28341679
28341725
28341733
28341741
28341750
28341784
28341806
28341814
28341822
28344365
28344373
28349249
28349257
28349265
28349273
28349281
28349290
28349311
28349338
28349354
28349370
28349389
28349397
28349559
28355186
28355194
28355208
28355216
28355240
28355259
28355267
28355283
28355291
28355321
28355330
28355348
28355356
28362647
28362701
28362710
28362760
28362779
28362787
28362809
28362817
28362833
28368615
28368666
28368674
28368682
28368690
28368704
28371670
28371688
28371718
28371726
28371734
28371742
28371750
28371769
28371777
28380953
28380970
28380996
28381002
28381029
28381045
28381053
28381070
28381096
28381100
28381142
28386654
28386670
28386700
28386735
28386743
28386751
28386760
28386778
28386794
28386808
28390019
28390027
28393880
28393899
28393902
28393910
28393929
28393945
28393953
28393988
28393996
28394002
28394029
28394037
28394045
28394053
28394070
28396917
28396925
28396968
28396984
28396992
28397009
28397017
28397025
28397033
28399190
28399204
28399220
28399239
28399263
28401657
28401665
28401673
28401681
28407064
28407072
28409928
28409936
28409944
28409960
28409995
28410000
28410019
28410027
28410035
28410060
28410086
28417351
28417378
28417386
28422455
28422471
28422480
28422501
28422510
28422536
28424820
28431879
28431909
28431917
28431933
28431941
28431950
28431968
28438478
28438486
28438494
28438508
28438524
28438532
28439082
28443342
28444585
28444623
28444631
28444640
28444666
28452570
28452588
28452596
28452600
28452618
28452642
28452650
28452669
28452677
28459144
28459152
28459195
28459209
28459217
28459225
28459250
28468487
28468495
28468509
28468525
28468568
28468576
28468592
28475484
28475492
28475522
28475530
28475549
28475565
28475581
28475590
28475603
28475611
28475620
28475638
28475646
28483711
28483720
28483754
28483762
28483789
28483797
28483819
28483827
28483843
28483878
28483894
28483908
28483916
28483924
28483932
28491307
28491340
28491358
28491366
28491382
28491404
28494494
28494516
28494524
28494540
28494559
28494567
28494583
28506670
28506688
28506718
28506726
28506734
28506742
28506777
28506793
28506807
28506823
28506831
28506840
28506858
28506866
28506882
28506890
28515201
28515210
28515228
28515236
28515252
28515287
28515295
28515317
28515350
28515376
28515384
28515392
28515406
28522799
28522802
28522837
28522845
28522861
28522888
28522896
28522900
28522918
28522926
28522934
28529908
28529924
28529932
28529940
28533240
28533259
28533267
28533283
28533291
28533305
28533321
28533330
28536026
28542257
28545750
28545784
28545792
28545814
28545849
28545857
28545865
28545890
28545903
28550470
28550500
28553582
28553590
28553604
28553612
28553620
28553639
28553647
28553655
28553671
28553680
28554936
28560695
28560717
28560725
28560733
28560750
28562793
28566566
28566604
28566612
28566639
28566647
28567057
28572614
28572622
28572657
28572665
28572681
28579523
28579540
28579558
28579566
28579574
28579582
28579612
28579639
28582243
28585835
28585843
28585851
28585878
28585894
28585916
28585932
28585940
28585959
28585967
28585975
28586075
28592450
28592476
28592484
28592506
28592522
28592557
28592565
28592573
28592581
28593080
28597627
