5697520
5697554
5697597
5697619
5697627
5697660
5697740
5697791
5697821
5710211
5710300
5710408
5710432
5710459
5711233
5711241
5715880
5715960
5715979
5715995
5716001
5716079
5716125
5716133
5716206
5734865
5734881
5734954
5735020
5735046
5773406
5773414
5773554
5773635
5773678
5773783
5773805
5773830
5773856
5773864
5773902
5773929
5774070
5774100
5774150
5774169
5774320
5774363
5774398
5790350
5790393
5790539
5790547
5790555
5790563
5800705
5800713
5800802
5800810
5800845
5800900
5800918
5800950
5800969
5800985
5801263
5817839
5817952
5818010
5818036
5818052
5818184
5818362
5818397
5818486
5841330
5841357
5841365
5841373
5841543
5841578
5841675
5841837
5841934
5845804
5852178
5852291
5852364
5852445
5852453
5852569
5868719
5868794
5868883
5868972
5869005
5869072
5869080
5869110
5869544
5869595
5882411
5882446
5882942
5883476
5883603
5895861
5908686
5908708
5908775
5908821
5909037
5909223
5909240
5909258
5909274
5922850
5922923
5922990
5923252
5923341
5933264
5933280
5933310
5933418
5933710
5952835
5952843
5953148
5953415
5953539
5977970
5977988
5978096
5978282
5978339
5978347
5978584
5978924
5979172
5980797
5996378
5996475
5996483
5996564
5996653
5996670
5996742
5997179
5997250
6000760
6000808
6000824
6000999
6001064
6001188
6021533
6021592
6021665
6021690
6021738
6021819
6021835
6021916
6021975
6021991
6022075
6022121
6022130
6022199
6022300
6043132
6053004
6053020
6053063
6053195
6053217
6053527
6053551
6053632
6053691
6053730
6053756
6053845
6057316
6063504
6063512
6063555
6063580
6063644
6063660
6063768
6063784
6063849
6063881
6063946
6064011
6064151
6064780
6081403
6081420
6093076
6093084
6093092
6093106
6093130
6093300
6093335
6093378
6093440
6099290
6099702
6099800
6110240
6110258
6110398
6110479
6110550
6110592
6110762
6123762
6123835
6123878
6123908
6124032
6139688
6139700
6139815
6139840
6139904
6151908
6151924
6152008
6152024
6152067
6152130
6152172
6152202
6161073
6161120
6161146
6161189
6161243
6161260
6161286
6161324
6161391
6161405
6170519
6170527
6170535
6170578
6170586
6170810
6170845
6170934
6185188
6185706
6196187
6196306
6196454
6196497
6207871
6207880
6207901
6207928
6207979
6208036
6208184
6208222
6208230
6208249
6208257
6208290
6208303
6224970
6224988
6225053
6225070
6225185
6225274
6225312
6236885
6237015
6237023
6237120
6237163
6237244
6237333
6237368
6237490
6237503
6237864
6250731
6250740
6264621
6264656
6264710
6264737
6264842
6264931
6264982
6265007
6265040
6265066
6265619
6265775
6278384
6278406
6278490
6278511
6278660
6278678
6278694
6291545
6291570
6291685
6291707
6297238
6297297
6297432
6297483
6297726
6297734
6316810
6316852
6316909
6317009
6317165
6328512
6328520
6328610
6328865
6328881
6328890
6328962
6328970
6329011
6329070
6340435
6340451
6340478
6340494
6340524
6340540
6340591
6340672
6340680
6340745
6340834
6340842
6340850
6340915
6340931
6344461
6344976
6353605
6353613
6353672
6353680
6353788
6353818
6353826
6353834
6353907
6359217
6359284
6359373
6379192
6379214
6379273
6379281
6379354
6379516
6379583
6379680
6379699
6387128
6388000
6395848
6395970
6396037
6396061
6396126
6396240
6396266
6396681
6413260
6413421
6413448
6413537
6413715
6413782
6413880
6413898
6414001
6414036
6437536
6437587
6437633
6437676
6437692
6437714
6437781
6437846
6437854
6437919
6437943
6438078
6456201
6456619
6460350
6465994
6466027
6466140
6466183
6466221
6466302
6466329
6466388
6466400
6466485
6466493
6466620
6466647
6466710
6466736
6493404
6493447
6493480
6493544
6493625
6493641
6493706
6493714
6493730
6493803
6493820
6493846
6493889
6493897
6493900
6493960
6494000
6494060
6494094
6494108
6494159
6494175
6494183
6494230
6494353
6494388
6494396
6494418
6494450
6494469
6494485
6494582
6512093
6512115
6512204
6512220
6512247
6512271
6512301
6512360
6512409
6512433
6512506
6523980
6524101
6524144
6524152
6524209
6524365
6524381
6524500
6524519
6524632
6528030
6528081
6528235
6528294
6528510
6528561
6528677
6528693
6528723
6528936
6541641
6541684
6541811
6541854
6541889
6541927
6541943
6541951
6542060
6542086
6542094
6542140
6542175
6542183
6542191
6542221
6542272
6542442
6542450
6552721
6569766
6569804
6569812
6569847
6569928
6569987
6569995
6570000
6570043
6570116
6570230
6570248
6570418
6570426
6570442
6570485
6570515
6570566
6570590
6570655
6588300
6588423
6588458
6588555
6588571
6588598
6588679
6588695
6588725
6588784
6588822
6588849
6589089
6589097
6589135
6589151
6589160
6589232
6589356
6589372
6589399
6589410
6589437
6589470
6623334
6623415
6623610
6623717
6623784
6623989
6624020
6624070
6624097
6624119
6624160
6624208
6624216
6624275
6624364
6624380
6624461
6624496
6654160
6654187
6654276
6654438
6654519
6654543
6654551
6654594
6654608
6654624
6654705
6654748
6654802
6654810
6654845
6654942
6655034
6655093
6655140
6655158
6655182
6655212
6655220
6655247
6655310
6655328
6655344
6655352
6655387
6655417
6655433
6655450
6655484
6655581
6655620
6655662
6655760
6655859
6655875
6655883
6680020
6680089
6680100
6680135
6680208
6680224
6680291
6680356
6680402
6702209
6702276
6702284
6702373
6702462
6702470
6702497
6702500
6702527
6702535
6702543
6702551
6702586
6702594
6702632
6702640
6702675
6702683
6702713
6702829
6702837
6702845
6702926
6737991
6738032
6738148
6738156
6738296
6738326
6738377
6738385
6738504
6738512
6738555
6738644
6738652
6738733
6761027
6772280
6772328
6772352
6772360
6772395
6772450
6772468
6772476
6772484
6772506
6772530
6772557
6772611
6772638
6772654
6772697
6772719
6772743
6772816
6772832
6772875
6772913
6772948
6773048
6773099
6773145
6773218
6773250
6773323
6773358
6773439
6773480
6773536
6773552
6773579
6773595
6773609
6773625
6783947
6794660
6797381
6799021
6799030
6799064
6799102
6799129
6799137
6799161
6799226
6799250
6799323
6799340
6799390
6799404
6799420
6799439
6799900
6799919
6799927
6799943
6799951
6799960
6799994
6800002
6800061
6800070
6800118
6800177
6800231
6800258
6817446
6817454
6817535
6817543
6817551
6817608
6817675
6817756
6817810
6818239
6818280
6818298
6818530
6833395
6838716
6838724
6838767
6838910
6839002
6839070
6839169
6839207
6839215
6839231
6839258
6839274
6839312
6839363
6839380
6839452
6845292
6845314
6845373
6845454
6845470
6845667
6845675
6845748
6845756
6845764
6845772
6845853
6845934
6845950
6846042
6846069
6846123
6846131
6846301
6846395
6846409
6846581
6846638
6846662
6846689
6846700
6846913
6870547
6870563
6870580
6870628
6870644
6870687
6870695
6870741
6870849
6870970
6871003
6871194
6871275
6871330
6871364
6871542
6871585
6881961
6881996
6882045
6882150
6882177
6882371
6882436
6882576
6882649
6882681
6882738
6882827
6882860
6893826
6894058
6894074
6894163
6894236
6894244
6894279
6894333
6894350
6894406
6894422
6894473
6894490
6894503
6894961
6894970
6910960
6911124
6918084
6918106
6918181
6918190
6918270
6918297
6918394
6918424
6918440
6931849
6931857
