18240006
18240014
18240022
18240049
18240057
18240073
18240103
18240111
18244245
18244253
18244261
18244300
18244326
18245500
18245666
18247136
18250778
18251480
18254290
18254320
18254338
18254362
18256371
18256380
18256410
18256428
18256444
18256460
18256479
18257849
18257857
18257865
18257890
18261165
18261181
18261211
18261220
18261238
18261270
18261289
18261343
18261351
18263867
18263875
18263913
18265051
18265060
18265078
18265086
18265124
18265132
18265159
18265418
18268031
18268040
18268074
18268104
18270120
18273321
18273330
18273348
18273356
18277293
18277307
18277315
18277323
18277358
18279383
18279448
18279456
18279472
18279499
18279502
18283848
18284762
18287858
18287866
18287874
18287882
18287939
18287947
18287955
18287963
18292544
18292552
18292560
18292579
18292587
18292595
18292609
18292617
18292633
18292650
18292668
18292684
18295320
18295338
18295346
18298016
18298024
18298032
18305474
18305490
18305539
18305547
18305580
18305610
18305628
18305636
18305644
18308969
18309000
18309026
18309034
18309042
18309050
18309077
18309107
18309115
18309166
18309174
18311905
18311913
18311948
18311964
18311972
18312005
18312013
18312048
18312056
18312064
18317835
18317878
18317916
18317940
18318024
18318059
18320113
18324891
18324913
18324964
18324972
18324999
18325013
18325030
18325048
18326310
18327480
18327502
18327529
18327545
18327553
18327596
18327600
18331384
18331414
18331449
18331457
18331465
18331473
18331490
18331503
18331511
18331520
18331554
18336284
18336306
18336330
18336365
18336381
18336403
18336411
18336446
18339892
18341035
18341043
18341051
18341078
18341086
18341108
18341132
18341140
18341159
18341175
18341221
18341230
18345258
18346288
18346296
18346300
18346326
18346350
18346377
18346407
18346466
18346504
18346520
18346539
18346555
18346563
18346571
18346598
18346610
18350564
18350572
18350599
18350637
18350653
18350670
18350696
18350700
18355367
18355430
18355448
18355456
18360975
18361016
18361040
18361075
18361113
18361130
18361148
18364640
18364659
18364675
18364683
18364705
18364730
18364748
18364756
18364772
18364799
18364802
18364845
18368839
18368847
18368855
18368871
18368910
18368952
18368960
18368979
18368995
18369001
18369044
18369052
18369060
18378018
18378026
18378034
18378077
18378093
18378107
18378115
18378123
18378131
18378140
18378158
18378174
18378182
18378204
18378212
18380727
18380735
18380751
18380786
18380794
18380824
18380832
18380840
18380867
18380883
18380948
18380956
18384230
18384273
18384290
18384303
18384320
18390011
18395000
18395019
18395035
18395043
18395051
18395078
18395086
18395094
18395159
18395167
18395213
18395221
18395230
18395256
18395302
18395310
18395329
18395337
18395353
18395361
18399991
18401331
18401358
18401374
18401382
18401390
18401404
18401420
18401471
18404320
18404338
18404362
18404389
18404400
18404435
18404460
18406290
18411122
18411149
18411157
18411165
18411203
18411211
18411220
18411246
18415132
18415140
18415175
18415183
18415191
18415230
18415256
18415272
18415337
18415353
18415370
18415418
18415426
18422318
18422334
18422415
18422466
18422539
18422547
18422555
18422563
18422601
18422687
18427994
18428000
18428051
18428086
18431782
18431790
18431804
18431812
18431839
18431871
18431880
18431901
18431928
18431944
18435865
18438012
18438039
18438055
18438110
18438136
18438144
18443086
18443108
18443116
18443124
18443167
18443175
18443191
18443205
18443213
18443221
18443256
18445869
18445885
18445931
18445940
18451569
18451577
18451607
18451615
18451640
18456663
18456671
18456680
18456698
18456710
18456728
18456736
18456744
18456850
18456868
18457308
18463199
18463296
18463300
18463318
18463326
18463350
18463369
18463393
18468579
18468609
18468633
18471809
18471850
18471906
18471930
18471949
18475380
18475398
18475428
18475452
18478254
18478262
18478289
18478297
18478351
18478378
18478386
18478394
18478408
18478416
18478459
18478467
18485014
18485081
18485111
18485138
18485146
18485170
18485197
18485227
18488606
18489253
18489270
18489334
18489342
18489369
18490738
18492364
18492372
18492380
18492402
18492410
18492429
18492488
18492496
18492542
18492550
18492569
18497116
18497132
18497140
18497159
18497167
18497183
18497205
18503510
18503536
18503544
18503560
18503617
18503633
18503650
18503676
18503730
18503757
18508835
18508851
18509016
18509024
18509032
18509040
18509067
18509075
18513750
18513769
18513777
18513785
18513807
18513823
18513831
18513858
18513882
18513890
18513912
18513947
18513963
18513971
18513980
18516986
18516994
18517000
18517019
18517043
18517051
18517060
18517086
18517116
18517140
18517159
18517167
18517183
18517205
18517230
18517299
18523215
18523231
18523282
18523347
18527977
18528026
18528034
18528050
18528093
18528107
18528115
18528131
18528140
18528158
18534346
18534354
18534397
18534419
18534435
18534486
18534508
18534540
18534974
18537318
18537326
18537334
18537342
18537377
18537415
18542594
18542616
18542659
18542667
18542683
18542748
18542756
18547621
18547648
18547656
18547672
18547699
18547702
18547729
18547745
18547761
18547796
18547800
18547834
18547869
18547877
18547885
18547907
18547940
18547958
18551886
18551916
18551959
18551967
18551991
18552032
18552040
18553356
18553364
18553372
18553380
18553402
18558353
18560000
18560019
18560027
18560051
18560060
18560108
18560116
18564487
18564509
18564517
18564533
18564541
18564568
18564576
18564606
18564630
18564665
18564673
18570373
18570403
18570411
18570420
18570446
18570489
18570497
18570527
18570535
18570551
18573809
18573825
18573841
18573868
18573892
18573922
18573965
18573981
18573990
18574022
18574030
18574049
18578415
18578423
18578431
18578440
18578458
18578520
18578539
18584590
18584603
18584646
18584670
18584689
18584697
18584700
18584735
18584751
18584760
18584867
18588249
18588257
18588273
18588281
18588320
18588338
18588346
18588354
18588362
18593610
18593628
18593636
18593652
18593660
18593687
18593695
18593709
18593725
18593750
18593768
18593806
18593822
18598960
18598978
18598986
18598994
18599019
18599027
18599035
18599051
18599086
18599094
18599132
18601852
18601895
18605730
18607529
18610583
18613105
18613113
18613121
18613130
18613148
18613156
18613180
18613199
18613210
18613229
18613253
18613261
18613270
18613296
18613300
18613318
18613334
18613342
18614348
18614356
18616039
18616047
18616080
18616098
18616101
18616128
18617549
18617557
18617573
18617581
18617611
18621418
18621434
18621523
18621531
18624236
18624244
18624252
18624287
18624295
18624317
18629101
18629128
18633706
18633749
18633773
18633790
18633803
18633811
18633838
18633854
18633897
18639156
18639415
18639440
18639458
18639466
18639474
18639482
18639504
18643912
18643920
18643955
18643963
18643980
18650448
18650472
18650480
18650499
18650510
18650545
18650570
18650588
18650596
18654628
18654695
18654709
18654725
18654741
18654776
18654792
18660565
18660573
18660590
18660611
18660638
18666096
18666150
18666185
18666207
18666215
18666231
18666290
18666312
18666380
18666398
18666410
18667601
18667610
18667628
18667636
18672241
18672250
18672268
18672276
18672365
18672373
18672390
18672403
18672411
18672420
18672438
18675272
18675329
18675337
18675361
18675370
18675388
18675400
18675418
18678201
18680651
18681100
18681134
18681150
18681169
18681185
18681193
18681223
18681240
18681274
18681282
18688060
18688108
18688116
18688159
18688175
18688205
18688221
18689847
18689880
18689898
18689910
18691472
18691499
18693643
18693708
18693724
18693767
18693775
18698381
18698390
18698403
18698438
18698462
18698470
18698519
18698535
18698543
18702725
18702750
18702784
18702806
18702849
18702857
18702881
18707803
18707889
