17733715
17734346
17738771
17738780
17738801
17738828
17738852
17738933
17741084
17741092
17741114
17741173
17741181
17741211
17741238
17741254
17741327
17741335
17741351
17741378
17748546
17748554
17748570
17748600
17748848
17750910
17750937
17750945
17750961
17750970
17750996
17751002
17751010
17751029
17751037
17755756
17755780
17755802
17755829
17755837
17755845
17755870
17755918
17755926
17759537
17759545
17759553
17759561
17759596
17759600
17759634
17759650
17763082
17763139
17763198
17763236
17769069
17769085
17769093
17769115
17769131
17769166
17769174
17769182
17772528
17772536
17772544
17772560
17772625
17776414
17776430
17776465
17776481
17776490
17776511
17780628
17780644
17780660
17780709
17784930
17788729
17794003
17794046
17794062
17794070
17794089
17794119
17794178
17794194
17799361
17799370
17799388
17799418
17799426
17803268
17803284
17803306
17803314
17803357
17803381
17803390
17807251
17807260
17807286
17807294
17807316
17807340
17807367
17807383
17807391
17807421
17807430
17807448
17807456
17810699
17810710
17810761
17810770
17810788
17810796
17814992
17819795
17819817
17819825
17819833
17819841
17822561
17822600
17822642
17822650
17822669
17822677
17822685
17822693
17822707
17822715
17828246
17828270
17828297
17828319
17831713
17831721
17831799
17831845
17833544
17834639
17834647
17834655
17834701
17834736
17834752
17834779
17834809
17834833
17839130
17839164
17839199
17839202
17839261
17839270
17839326
17839334
17839350
17844357
17844365
17844373
17844381
17845859
17845867
17845875
17845905
17845948
17845956
17845972
17845980
17846005
17846021
17846048
17846056
17846064
17846102
17846110
17846129
17846153
17846161
17848626
17851532
17851567
17851575
17851583
17854741
17854776
17854792
17854806
17854830
17857853
17857896
17857900
17857926
17857969
17861749
17861757
17861765
17861811
17861838
17861846
17861870
17861900
17861951
17865953
17865961
17866029
17866037
17866061
17866088
17872993
17873018
17873042
17873069
17873085
17873093
17873107
17873123
17873131
17873166
17873174
17873182
17873220
17873239
17873247
17873263
17876138
17876154
17876170
17876189
17876197
17876227
17876243
17876260
17884238
17884246
17884254
17884262
17884270
17884297
17884300
17884319
17884327
17884335
17884351
17884408
17884432
17884467
17884491
17884505
17884530
17887684
17887749
17887757
17887765
17891146
17891154
17891162
17891219
17891227
17891235
17891243
17891251
17891278
17895067
17895083
17895091
17895148
17899450
17899476
17899484
17899492
17899514
17899522
17899530
17899549
17899573
17899891
17902296
17902334
17902350
17902369
17902377
17902393
17906778
17906794
17906832
17906859
17910680
17910698
17910701
17910728
17910744
17910760
17910795
17910809
17910817
17914568
17914606
17919220
17919239
17919247
17919271
17919328
17921778
17921786
17921840
17921913
17921921
17923655
17926333
17926350
17926384
17929526
17929534
17929550
17929569
17929585
17929593
17929623
17934336
17934344
17934360
17934387
17934409
17934433
17934476
17934484
17938958
17938966
17939023
17939040
17939082
17939090
17942207
17942215
17942231
17942258
17942487
17946713
17946721
17946730
17946756
17946764
17946799
17946802
17946810
17948480
17949710
17949728
17949736
17949744
17949752
17949787
17949809
17949825
17949841
17949850
17949884
17949892
17952650
17952693
17952715
17958637
17958653
17958670
17958696
17958718
17961616
17961632
17961640
17961659
17961667
17961675
17961683
17961691
17961730
17961853
17966273
17966281
17966320
17968037
17969229
17970479
17970495
17970509
17970525
17970541
17970550
17970568
17976234
17976269
17976307
17976358
17977590
17977604
17977612
17977663
17977671
17977680
17977698
17977710
17977736
17982287
17982309
17982325
17982333
17982392
17985410
17985445
17985453
17985461
17985470
17989587
17989595
17989609
17989684
17989692
17989706
17989730
17989749
17989765
17989773
17994150
17994168
17994176
17994184
17994192
17994206
17994214
17994249
17994265
17994320
17998607
17998615
17998658
17998739
17998747
17998755
18002934
18003778
18003816
18003824
18003840
18003859
18003867
18003905
18003921
18003948
18003964
18003999
18007150
18007184
18007192
18007206
18007214
18007222
18007230
18007249
18009312
18009339
18009398
18013135
18013399
18013402
18013410
18013437
18013518
18013526
18013542
18018337
18018361
18019324
18022125
18022508
18022532
18022567
18022583
18022605
18022656
18022672
18024002
18027386
18027394
18027408
18027416
18027424
18027467
18027505
18027530
18027548
18033523
18033540
18033558
18033582
18033590
18033604
18033612
18033620
18033647
18033655
18033671
18033698
18033736
18033744
18033752
18033787
18033809
18035338
18038300
18041372
18041399
18041402
18041410
18041453
18041500
18041526
18041534
18041569
18046760
18046787
18046817
18046825
18050052
18050117
18053687
18053717
18053733
18053776
18056861
18057840
18057859
18057867
18057921
18057930
18057956
18057999
18061981
18062014
18062030
18062049
18062057
18062073
18062090
18062103
18069314
18069330
18069365
18069373
18069381
18069438
18069454
18069462
18071691
18073935
18073943
18074019
18081415
18081423
18081466
18081482
18081504
18081539
18081547
18081628
18081652
18081717
18081750
18081768
18081792
18081806
18081814
18087396
18087418
18087426
18087442
18087485
18087493
18089141
18089150
18089168
18089176
18089184
18089192
18089257
18093665
18093673
18093703
18093746
18099919
18099927
18099935
18099943
18099951
18103742
18103750
18103769
18103785
18103793
18103866
18103874
18103890
18106293
18106307
18106331
18106358
18106366
18106390
18106404
18106412
18106420
18106439
18106455
18106480
18106498
18106501
18106510
18106528
18112120
18112155
18112163
18112180
18112201
18112210
18112260
18115119
18115127
18115143
18115178
18115208
18115216
18116700
18119978
18119994
18120026
18120042
18120077
18120093
18120107
18120115
18120131
18120140
18120182
18120190
18123758
18123766
18123774
18123839
18123847
18123855
18123910
18127709
18127725
18127733
18128488
18129513
18132535
18132560
18132586
18132594
18132608
18132624
18132632
18140635
18140651
18140660
18140678
18140708
18140724
18140759
18140767
18140775
18140791
18140805
18140813
18140821
18144718
18144726
18144734
18144742
18144769
18144815
18144823
18145705
18146344
18146379
18146409
18148256
18152427
18152486
18152494
18152524
18152575
18152583
18152591
18152605
18152621
18152664
18152680
18152729
18152737
18152800
18157866
18157874
18157912
18157939
18157998
18158012
18158020
18158047
18164030
18164065
18164073
18164090
18164111
18164138
18164162
18164227
18168520
18168911
18168946
18173055
18173071
18173101
18173128
18173152
18173160
18173179
18173187
18173209
18173217
18173225
18173233
18173241
18173268
18173284
18173292
18173306
18173314
18178800
18178818
18178834
18178842
18178915
18178923
18182444
18182460
18182479
18182487
18182509
18182517
18182525
18182568
18182576
18182592
18182614
18182622
18182630
18184321
18186098
18186101
18186110
18186144
18186195
18186225
18191353
18191396
18191400
18191434
18191493
18191507
18191540
18194635
18194643
18194678
18194686
18194732
18196946
18198580
18199918
18199934
18199942
18199950
18206837
18206845
18206853
18206861
18206870
18206896
18206900
18206985
18206993
18207018
18210838
18212154
18212162
18212219
18212260
18212294
18212332
18212359
18212367
18212375
18223439
18223447
18223471
18223480
18223498
18223501
18223528
18223536
18223552
18223609
18223617
18226257
18226265
18226281
18226290
18226320
18226338
18229644
18229660
18229679
18229717
18229725
18229733
18229741
18229750
18232020
18232062
18232070
18232089
18235301
18235344
18235360
18235395
18235409
18235450
18239974
18239982
