15361496
15361500
15361526
15368494
15370222
15370630
15370710
15370737
15370796
15371317
15371333
15371341
15371384
15371406
15371414
15375211
15375220
15375246
15375270
15376411
15381841
15381868
15381922
15381957
15388661
15391144
15391152
15391179
15391187
15391209
15391217
15391225
15391250
15397350
15397368
15397376
15397406
15397430
15397449
15397473
15397481
15397490
15397503
15397511
15401396
15401418
15401426
15401434
15401477
15401485
15401922
15408580
15408602
15408610
15408629
15408645
15408653
15408688
15408718
15408726
15414426
15414442
15414450
15414469
15414477
15414493
15414523
15414574
15414582
15414604
15416567
15416575
15416591
15421237
15421253
15421288
15421318
15421326
15421334
15421369
15423882
15426994
15427019
15427027
15427035
15427043
15427051
15427060
15427078
15427086
15427108
15427159
15427167
15427183
15427191
15427205
15427230
15427256
15427264
15427280
15427310
15429923
15429940
15429958
15429974
15430014
15430065
15430073
15433231
15433258
15433274
15433290
15433312
15433355
15433398
15433428
15433436
15433460
15433479
15433495
15433509
15440891
15440913
15440972
15445856
15445872
15445880
15445899
15445902
15445910
15445953
15447717
15448704
15448712
15448720
15448739
15448747
15448763
15448771
15448780
15448810
15448828
15448836
15448844
15448852
15448879
15448917
15448925
15448984
15449017
15449033
15454234
15454293
15454366
15454390
15454420
15454455
15454463
15454471
15458481
15458490
15458503
15458538
15458554
15458562
15458570
15458589
15461304
15461339
15461355
15461363
15461398
15464335
15464351
15464360
15464378
15464432
15464459
15464467
15464475
15464491
15469227
15469235
15469243
15469278
15469308
15469324
15471790
15476810
15476828
15476844
15476879
15476887
15476976
15477033
15477068
15477076
15477084
15477106
15477114
15477149
15477157
15477165
15477190
15477238
15477300
15481263
15481280
15481301
15481310
15481336
15481379
15481387
15481395
15481425
15481441
15481450
15481468
15481476
15482188
15486953
15486961
15486970
15487002
15487010
15487029
15487045
15487053
15487070
15488750
15491330
15491372
15491402
15491410
15491429
15491437
15492700
15492734
15492742
15492750
15492769
15492807
15492815
15492882
15492971
15492980
15492998
15497340
15497359
15497367
15497375
15497413
15497456
15497464
15497472
15497499
15497510
15497529
15500489
15500497
15500500
15500551
15500578
15504529
15504618
15504626
15509399
15509429
15509437
15509445
15509461
15509470
15509488
15509518
15509534
15512734
15513136
15513152
15513160
15513179
15513250
15513284
15516299
15516302
15516310
15516337
15516353
15516361
15516396
15519961
15519996
15520028
15520044
15520095
15520125
15520133
15520176
15520184
15520214
15520257
15526799
15526802
15526829
15526845
15526870
15526888
15528560
15528579
15528587
15528595
15528609
15528617
15528633
15528650
15532065
15532090
15532120
15532146
15532162
15532170
15532189
15532197
15532200
15532227
15532243
15535908
15535924
15535940
15535975
15535983
15536016
15536032
15536040
15536059
15536113
15536121
15536130
15536148
15536156
15541217
15541233
15541292
15541349
15542840
15542867
15542875
15542883
15542891
15542913
15542921
15542930
15542948
15542956
15542972
15543013
15546605
15546613
15546630
15550851
15550860
15550908
15550916
15550924
15550940
15550983
15553521
15553572
15553610
15557892
15557906
15557914
15557922
15557930
15557965
15557973
15558014
15558030
15561451
15561486
15561516
15561524
15561532
15561559
15570476
15570492
15570506
15570549
15578151
15578178
15578194
15578208
15578216
15578259
15578305
15578313
15578348
15578356
15578364
15578399
15578402
15578488
15578500
15578542
15578550
15578577
15578585
15578607
15578623
15578666
15578674
15578704
15578747
15578755
15578763
15578771
15578780
15578810
15586685
15586740
15586758
15586766
15586774
15586782
15586820
15586901
15586944
15591797
15591827
15591835
15591851
15591860
15591908
15591916
15591924
15591932
15591983
15591991
15592008
15592067
15592075
15592113
15592121
15592172
15598027
15598035
15598043
15598060
15598078
15598132
15598140
15598175
15598191
15598221
15598248
15598272
15598302
15598310
15609703
15609711
15609720
15609738
15609746
15609754
15609789
15609819
15609835
15609851
15609886
15609924
15609975
15609983
15609991
15610007
15610015
15610023
15610058
15614521
15614572
15614580
15614599
15614645
15616760
15616794
15616808
15616840
15616859
15616875
15616883
15616891
15616905
15616913
15616930
15616948
15616972
15616980
15617021
15617048
15618612
15621138
15621154
15621200
15621235
15621243
15624991
15627688
15627734
15627777
15627793
15627807
15627840
15627866
15627904
15627912
15633167
15633175
15633191
15633280
15633299
15633337
15633345
15633370
15635761
15635796
15635800
15635818
15635826
15635842
15635869
15635877
15644743
15644816
15644824
15644859
15644883
15644921
15644956
15644964
15644980
15644999
15652436
15652517
15652576
15652606
15652630
15652657
15652665
15652673
15652681
15652746
15652762
15652770
15652878
15653474
15661159
15661175
15661205
15661302
15669314
15669322
15669411
15669446
15669454
15669462
15669470
15669489
15669519
15669527
15669535
15669560
15669578
15669586
15669616
15669624
15669632
15669659
15669675
15669691
15669756
15669764
15669772
15669780
15684870
15686501
15686510
15686528
15686544
15686560
15686650
15686668
15686676
15686684
15686692
15686722
15686749
15686765
15686790
15686803
15686820
15686870
15686889
15686900
15686927
15686935
15686951
15697373
15697381
15699331
15699340
15699404
15699412
15699439
15699447
15699471
15699498
15699528
15699560
15699579
15699609
15699625
15699668
15699692
15699706
15701520
15705409
15705425
15705468
15705492
15705522
15705530
15705549
15705557
15705565
15705581
15705646
15705654
15705662
15705727
15705735
15705743
15705760
15705808
15719730
15719757
15719803
15719838
15719846
15719897
15719900
15719935
15719943
15719978
15720654
15720816
15723154
15723162
15723170
15724168
15729963
15729980
15730003
15731408
15731416
15731432
15731459
15731467
15731475
15736308
15736324
15736340
15736359
15736375
15738589
15738597
15738619
15738635
15738678
15738686
15738716
15738740
15738759
15738775
15741665
15746166
15746174
15746204
15746212
15746263
15746271
15746280
15746298
15746395
15746425
15746433
15746441
15746468
15752630
15752850
15752869
15752877
15752885
15752893
15752907
15752915
15752931
15757548
15757556
15757564
15757572
15757599
15757637
15757645
15757653
15757661
15757696
15757734
15757742
15759441
15759450
15759476
15759484
15759514
15759530
15762455
15762498
15762501
15762544
15763043
15766945
15766953
15770822
15770903
15770920
15770938
15772971
15772980
15773012
15773039
15773055
15773063
15773640
15775781
15775803
15775820
15775897
15775900
15775935
15779163
15779180
15779198
15781392
15784810
15784828
15784852
15784860
15784909
15784925
15784933
15784941
15784968
15784976
15784992
15786071
15786080
15786136
15786160
15786179
15786187
15786195
15786209
15786225
15786241
15791531
15791540
15791558
15791612
15791639
15791647
15793338
15793362
15793389
15793419
15795487
15795495
15795525
15795576
15795584
15795592
15803245
15803253
15803261
15803288
15803300
15803342
15803385
15803393
15803440
15803466
15803474
15808358
15808374
15810919
15810935
15810951
15810994
15811019
15811027
15814422
15821314
15821330
15821349
15821365
15821470
15821489
15821519
15821527
15821543
15821551
15821578
15821586
15821594
15821608
15821640
15821667
15821713
15825103
15825146
15825154
15825189
15825200
15825219
15825227
15825235
15825243
15825251
15825278
15825308
15826958
15829229
15829237
15829253
15829261
15829342
15829377
15829393
15830789
