34838770
34840134
34840142
34840150
34844870
34844888
34844896
34844900
34844918
34844926
34844934
34844969
34844977
34844985
34845000
34845018
34845026
34845034
34848642
34848650
34850901
34854490
34854512
34854520
34854539
34855089
34855100
34855119
34855127
34855658
34858697
34858719
34858727
34858735
34859773
34859781
34859790
34859803
34859838
34860034
34860042
34863456
34863464
34863472
34864737
34864745
34864753
34865058
34869556
34869564
34869580
34869602
34870046
34870054
34870062
34870070
34870097
34870100
34870119
34873417
34873778
34873786
34873794
34873816
34873824
34875124
34875132
34875140
34875159
34875167
34875191
34875205
34875213
34877532
34878252
34878279
34884220
34884238
34884246
34884254
34884262
34884939
34888981
34890337
34890345
34890370
34890388
34890906
34890914
34890949
34890957
34890965
34894533
34894541
34894550
34894568
34894576
34895350
34895393
34895407
34895423
34899417
34899468
34899492
34899514
34900112
34900120
34900147
34904904
34904920
34904939
34904955
34904998
34905004
34905012
34905020
34909634
34910744
34910752
34910760
34910779
34910787
34910795
34911260
34915750
34915768
34916372
34916380
34916399
34917467
34917475
34917483
34917491
34917505
34920527
34920535
34920543
34920551
34920586
34920853
34920861
34920888
34925974
34925990
34926007
34926015
34926058
34926660
34926678
34926686
34926694
34926708
34926716
34930890
34930938
34932408
34932440
34932467
34932475
34932491
34932505
34932513
34933438
34936230
34936248
34936256
34936264
34936280
34936302
34936310
34936329
34936337
34937936
34937944
34937952
34937979
34937987
34937995
34938001
34938036
34942193
34942207
34942215
34942223
34942231
34942282
34942290
34942304
34942339
34942347
34947425
34947441
34947450
34951388
34951647
34951655
34951663
34951698
34951710
34951728
34951736
34951752
34951760
34956610
34956628
34956660
34956695
34956725
34957640
34957658
34962590
34962603
34962611
34962638
34962646
34962654
34962670
34962689
34962697
34962700
34962719
34966940
34967007
34967015
34967562
34967708
34972020
34972046
34972062
34972070
34972097
34972852
34972879
34972895
34972909
34972917
34977086
34977094
34977159
34977167
34977191
34980839
34980863
34980898
34980901
34980910
34987071
34987110
34987136
34987152
34987160
34987179
34987195
34987209
34987217
34987330
34987349
34992086
34992094
34992108
34992116
34992710
34992736
34992744
34992760
34992779
34992787
34992795
34996738
34996746
34996819
34996827
34996878
34996886
34996932
35002640
35002667
35002675
35002683
35002705
35002713
35002721
35002748
35002756
35002764
35007664
35007672
35007680
35007699
35007702
35011380
35011401
35012016
35012040
35012059
35013534
35013550
35013569
35013577
35013585
35013593
35013623
35013631
35013640
35013658
35014157
35017331
35017420
35017447
35018639
35018647
35018655
35018671
35018680
35018698
35018710
35018736
35019286
35019308
35019871
35022451
35024223
35024231
35024266
35024282
35024320
35024355
35024363
35024398
35024401
35024479
35024487
35030195
35030241
35030250
35030268
35030284
35030292
35030306
35030314
35030322
35030330
35030349
35030365
35030390
35030403
35030411
35034944
35034960
35034979
35034987
35035214
35035222
35035230
35035249
35035257
35035265
35035273
35035818
35035834
35035842
35035850
35035869
35042505
35042513
35042521
35042530
35042548
35042564
35042572
35042580
35042599
35043179
35043187
35043195
35043225
35043233
35043268
35043292
35048800
35048818
35048826
35048850
35048869
35048877
35048885
35048893
35055297
35055300
35055319
35055327
35055335
35055343
35055351
35055360
35055378
35055386
35055394
35055408
35055971
35055980
35055998
35056004
35056020
35056039
35056047
35060773
35060790
35060803
35060811
35060820
35060838
35060846
35060854
35061892
35061906
35061914
35061922
35061930
35061949
35061957
35067755
35067763
35067771
35067780
35067798
35067828
35067836
35067844
35067852
35067860
35067887
35067909
35067917
35068750
35074280
35074299
35074310
35074329
35075650
35075669
35075677
35075685
35075693
35075707
35075715
35079415
35079423
35079440
35080452
35080584
35080592
35085042
35085050
35085069
35085093
35085107
35085115
35085123
35085131
35085140
35085719
35085727
35085735
35085743
35087159
35087167
35087175
35087345
35087531
35090529
35090553
35090561
35090588
35090596
35096181
35097306
35097322
35097357
35097365
35097373
35097381
35097390
35097411
35102330
35102348
35102356
35102380
35102399
35102402
35102437
35103599
35109257
35109265
35109273
35109281
35109290
35109303
35109311
35109370
35109389
35109400
35109583
35109591
35109613
35109621
35109630
35112554
35113657
35113665
35113673
35113681
35113690
35113703
35113711
35113720
35113738
35113746
35113762
35113789
35113797
35114490
35114873
35119188
35119196
35119200
35119234
35119790
35119803
35119811
35119820
35119838
35119854
35119862
35124150
35124168
35124540
35124567
35124583
35124621
35129173
35129181
35129190
35129211
35129220
35129246
35129556
35129564
35130569
35130577
35134935
35134943
35134951
35134960
35134978
35134986
35135000
35135019
35135027
35135035
35135043
35139347
35139355
35139363
35139380
35140686
35140694
35140724
35140732
35140759
35140767
35140775
35144416
35144432
35144440
35144459
35144467
35144475
35144483
35144505
35150728
35150736
35150744
35150752
35150760
35150787
35150809
35154703
35154720
35154738
35154746
35154754
35154762
35154789
35154800
35154827
35160373
35160381
35160390
35160411
35160446
35160462
35160470
35160489
35160497
35160500
35160519
35164421
35164430
35164448
35164456
35164472
35168024
35168075
35169186
35169194
35169208
35169216
35169224
35169232
35169240
35169259
35169267
35173560
35173578
35174700
35174743
35174808
35174824
35174832
35178958
35178974
35179953
35179961
35179970
35179988
35179996
35180001
35180010
35180028
35180036
35180044
35185009
35185017
35185025
35185033
35185041
35185050
35185076
35185084
35185092
35185106
35185130
35185149
35185157
35185173
35185181
35185190
35185211
35185220
35185238
35185246
35185262
35185289
35185297
35190587
35190595
35190617
35190676
35190684
35194350
35194368
35194392
35194422
35194430
35194449
35194457
35198262
35198963
35198980
35198998
35199004
35199020
35199047
35199055
35199071
35203709
35203717
35203725
35203733
35203750
35203768
35203792
35203806
35203814
35203822
35203830
35208102
35208536
35208544
35208552
35208560
35208579
35208587
35208609
35208625
35208650
35211990
35212006
35212014
35212022
35212030
35212049
35212057
35212065
35212073
35212081
35212090
35212103
35212111
35212120
35212669
35216997
35217003
35217020
35217038
35217046
35217054
35217089
35217100
35217127
35217135
35217151
35219772
35220432
35220440
35220467
35220475
35220483
35220491
35222140
35222158
35222182
35222190
35222409
35226818
35226842
35226869
35226877
35226885
35226893
35226907
35226915
35226923
35226982
35230975
35230983
35231016
35231024
35235174
35235182
35235190
35235204
35235212
35235220
35235239
35235514
35235522
35239141
35239150
35239168
35239184
35239192
35239613
35239630
35239656
35244504
35244512
35244520
35244547
35244555
35244571
35244580
35244598
35244601
35244610
35244636
35244660
35244679
35250115
35250182
35250190
35250204
35250220
35250239
35250247
35250255
35250263
35250271
35250280
35253693
35253707
35253715
35253774
35254290
35254303
35254320
35254338
35254346
35258593
35263824
35263832
35263840
35263859
35263867
35263883
35263891
35263905
35264110
35264129
35264137
35264145
35264153
35264161
35264625
35268058
35268066
35268082
35268090
35268112
35268120
35268139
35274106
35274114
35274122
35274130
35274149
35274165
35274173
35274181
35274190
35274203
35274211
35274220
35274238
