28597813
28597830
28597856
28603753
28603770
28603788
28603796
28603800
28612123
28612140
28612158
28612166
28612182
28612204
28612212
28612220
28612239
28612247
28612255
28612263
28615065
28618215
28618231
28618266
28618282
28618290
28618304
28623300
28623319
28623335
28623343
28623351
28623394
28623408
28623416
28623424
28623432
28628146
28628154
28628162
28628170
28628189
28628197
28628200
28628219
28635925
28635950
28635968
28635976
28635984
28635992
28636009
28636017
28638662
28643251
28643278
28643286
28643294
28643308
28643316
28643324
28643332
28643340
28648895
28654080
28654099
28654102
28654110
28654129
28654137
28654153
28654161
28654188
28659371
28659380
28659398
28659401
28659444
28665250
28665276
28677947
28677955
28677963
28677971
28677980
28677998
28678004
28678012
28678039
28685311
28687266
28687274
28687282
28687347
28687363
28687371
28687380
28687398
28687410
28688911
28700659
28700667
28700683
28700691
28700705
28700721
28700730
28700748
28700756
28704669
28706856
28712513
28712530
28712750
28725661
28725688
28725696
28725726
28725734
28735800
28735843
28735851
28735894
28735916
28735924
28735975
28735983
28735991
28736008
28745170
28748550
28748592
28748606
28748614
28759168
28759176
28759222
28759249
28759257
28759281
28759303
28759311
28759320
28780860
28780887
28780895
28780909
28780917
28780925
28780950
28792326
28792342
28792350
28792369
28792377
28808619
28808627
28808643
28808651
28808678
28808686
28808694
28808708
28808716
28808724
28821057
28821065
28821286
28821294
28821308
28821316
28821332
28832579
28832587
28832609
28832625
28832633
28832650
28832668
28832676
28841011
28841020
28841038
28841062
28841070
28841089
28841097
28841100
28841119
28841127
28841135
28841160
28852193
28852207
28852215
28852266
28852274
28852282
28852290
28852304
28852312
28862863
28864007
28864015
28864023
28864090
28864112
28864120
28864139
28871683
28871691
28871705
28871748
28871756
28871764
28871772
28871780
28871802
28871829
28874655
28880207
28880215
28880223
28880231
28880258
28880266
28880282
28880290
28880304
28880339
28880347
28880355
28880363
28880371
28886242
28886250
28886269
28886285
28886315
28886323
28886331
28886340
28886358
28890189
28891273
28891290
28891303
28891311
28891320
28891346
28891354
28898816
28898824
28898832
28898859
28898867
28898875
28898883
28898891
28898905
28898913
28898921
28898930
28904381
28904390
28904403
28904420
28904438
28904446
28904454
28904462
28904489
28904497
28904500
28904527
28905794
28911150
28911168
28911176
28911206
28911214
28911222
28911230
28911249
28911257
28911699
28911818
28911826
28911834
28917390
28918506
28918514
28918530
28918549
28918565
28918573
28918581
28926703
28926746
28926754
28926762
28926770
28926789
28926797
28926800
28926827
28926843
28931661
28931670
28931688
28931696
28931700
28931718
28931734
28931742
28931750
28931769
28938279
28938295
28939029
28940830
28944238
28944246
28944254
28944262
28944270
28944297
28944300
28944327
28944335
28944343
28944351
28946492
28946522
28946530
28946557
28946565
28946573
28954606
28954614
28954622
28954657
28954665
28954673
28954703
28954711
28957157
28957165
28957173
28957181
28957190
28957203
28957211
28963264
28963272
28963280
28963299
28963310
28963329
28963337
28963345
28963353
28971801
28971844
28971852
28973098
28978613
28981465
28981490
28981503
28981520
28981546
28981562
28981570
28981597
28984569
28984577
28985998
28986012
28986020
28986039
28986055
28986063
28989116
28989140
28989159
28993206
28996415
28996431
28996440
28996458
28996466
28996474
28996482
28999039
28999055
28999071
28999098
29004892
29004914
29004922
29004930
29004949
29009091
29009105
29009113
29009121
29011628
29011644
29011652
29011660
29011687
29011695
29011717
29011733
29015271
29015280
29015301
29015310
29015328
29018758
29024806
29027063
29027080
29027098
29027101
29027128
29027136
29027144
29031072
29031080
29031099
29031102
29031110
29031129
29039580
29039602
29039610
29039629
29039637
29039653
29039661
29039670
29039688
29045680
29045698
29045728
29045736
29045744
29045760
29045779
29045809
29045817
29045825
29045833
29049657
29049665
29049673
29049681
29049690
29049703
29055594
29055608
29055624
29055632
29055659
29055667
29055683
29055691
29055705
29055713
29055861
29060566
29060590
29060604
29060620
29064541
29064568
29064592
29064614
29064622
29070683
29071832
29071840
29071867
29071883
29075257
29075290
29086892
29086906
29086914
29086930
29086949
29086957
29086965
29086973
29087006
29087014
29087022
29090354
29090362
29090370
29090389
29090397
29090400
29090451
29090460
29090478
29090486
29090494
29090516
29094941
29094968
29094976
29094984
29095017
29095025
29095041
29099604
29099612
29099620
29099639
29099647
29099655
29100482
29104654
29104662
29104670
29104689
29104697
29104719
29104727
29104735
29104743
29104751
29108184
29108192
29108206
29108214
29108222
29114038
29114046
29114054
29114062
29114070
29114089
29114100
29114127
29114135
29114143
29119248
29121590
29121604
29121612
29121620
29121655
29121663
29121671
29121680
29124023
29124058
29124066
29128815
29132549
29132581
29132590
29132603
29132654
29132670
29135324
29137686
29137708
29137716
29137724
29137732
29141598
29141601
29141644
29141652
29150820
29150839
29150855
29150863
29150871
29150880
29150898
29156076
29156084
29156092
29156106
29156114
29156130
29156149
29156157
29162590
29162620
29162647
29162663
29162671
29162680
29162698
29168240
29168259
29168267
29168275
29168291
29168305
29168321
29174501
29174510
29174528
29174536
29174560
29174579
29175973
29175981
29175990
29181908
29181916
29181932
29181940
29181975
29181983
29191200
29191227
29191243
29191251
29191260
29191278
29191286
29191294
29191308
29191316
29191367
29194460
29194487
29194495
29194509
29196160
29200597
29200600
29200619
29200635
29200651
29200660
29200678
29200708
29200716
29207099
29207110
29207153
29207161
29207170
29207188
29207196
29207200
29207218
29211928
29211944
29219239
29219263
29219271
29224014
29224022
29228059
29228075
29232246
29234697
29234719
29234735
29234743
29234751
29234778
29239589
29239597
29239600
29239627
29239635
29239643
29239686
29245211
29245238
29245246
29245270
29245289
29245297
29245300
29245319
29245335
29245343
29245360
29245386
29245394
29245408
29247816
29250102
29250110
29250137
29250145
29250161
29250170
29250188
29256024
29256067
29256075
29256083
29256091
29256105
29256148
29256156
29260653
29260661
29260670
29260688
29260700
29260726
29263706
29263722
29263749
29271016
29271024
29271032
29271059
29271083
29271091
29271113
29271121
29271156
29271172
29274560
29274586
29274594
29274616
29282040
29282066
29282082
29282090
29282104
29282139
29282147
29282163
29282171
29282180
29282201
29285410
29285429
29285437
29285445
29285461
29289692
29289706
29289714
29290018
29291463
29291471
29291480
29291498
29291501
29295210
29295228
29295252
29298461
29302880
29302899
29302929
29302953
29303037
29303045
29303061
29303070
29305160
29305178
29305208
29305216
29305224
29305232
29305240
29305259
29313529
29313537
29313545
29313561
29315830
29315848
29315856
29315872
29315902
29315910
29315937
29315945
29320488
29320500
29320534
29326928
29326936
29326944
29326952
29326979
29326987
29326995
29330945
29330961
29331002
29332202
29333550
29337510
29337528
29337552
29341626
29341634
29341642
29341650
29341677
29341707
29350039
29350047
29350055
29350071
29350080
29350101
29350110
29350136
29350144
29350152
29351085
29351093
29353507
29353515
29353558
29353566
29353582
29353590
29353604
29353612
29357339
29357355
29357363
29357371
29357380
29357401
29357428
29363101
29363110
29363128
29363136
