36974221
36974248
36974256
36974280
36974299
36974329
36974337
36974345
36974361
36974370
36983157
36983165
36983173
36983181
36983190
36983211
36983220
36983238
36983246
36983262
36983270
36983289
36983300
36983319
36989060
36989079
36989095
36989117
36989133
36989141
36989150
36989168
36989176
36989524
36989532
36989559
36989567
36992554
36995097
36995100
36995119
36995127
36995135
36995143
36995160
36995186
36995194
36995208
36996181
36996203
36996211
36996238
36996246
37002540
37002558
37002574
37002582
37005279
37005287
37005295
37005309
37005317
37005325
37005333
37005368
37005376
37012187
37012195
37012217
37012225
37012241
37012250
37012268
37012276
37012284
37014293
37014307
37014323
37014331
37014366
37014374
37014404
37014412
37014439
37014447
37014455
37014463
37014757
37020430
37020449
37020457
37021843
37021851
37021860
37021878
37021894
37021916
37021924
37021932
37021940
37022229
37022237
37022245
37022261
37022288
37023674
37023909
37028620
37028639
37028655
37028663
37028671
37028736
37029189
37029197
37029227
37029235
37029260
37036470
37036488
37036518
37036534
37036550
37036569
37036577
37036585
37036607
37036623
37036640
37036666
37036674
37036682
37036712
37036755
37036950
37036976
37036984
37036992
37037009
37037017
37037025
37044367
37044375
37044391
37046139
37046147
37046163
37046171
37046180
37046201
37046600
37046627
37046643
37046651
37052610
37052645
37052726
37052734
37053969
37053977
37053985
37053993
37054018
37054026
37054034
37054042
37054050
37054085
37054441
37055579
37055587
37055595
37055609
37062029
37062037
37062045
37062061
37062070
37062096
37062126
37062177
37062185
37062193
37062215
37062231
37062592
37070099
37070102
37070110
37070153
37070170
37070196
37070218
37070226
37070234
37070277
37070285
37070293
37070307
37070323
37070358
37077399
37077402
37077429
37077437
37077453
37077461
37077488
37077496
37077500
37077518
37077534
37077550
37077569
37077593
37077607
37077615
37077666
37077682
37077704
37077712
37077747
37077763
37077798
37077801
37077844
37077860
37079152
37085693
37085707
37085731
37085740
37085758
37085774
37085790
37085804
37085812
37085847
37094705
37094713
37094721
37094730
37095840
37095867
37095883
37095891
37095905
37095913
37095930
37095948
37095964
37096846
37096889
37096897
37096900
37096927
37096935
37098146
37098154
37098170
37104604
37105111
37105120
37105138
37105146
37105154
37105162
37105170
37105189
37105197
37105200
37105219
37105227
37105243
37105278
37106478
37106486
37106494
37106508
37106524
37106532
37106540
37106818
37106826
37106834
37106842
37112992
37113017
37113025
37113033
37113041
37113050
37113068
37113084
37113114
37113122
37113157
37113181
37113220
37113254
37117779
37121230
37121265
37121273
37121290
37121303
37121311
37121338
37121346
37121354
37121362
37121389
37121397
37121400
37122872
37122880
37122910
37122929
37122937
37122945
37122953
37122961
37122970
37122988
37123002
37123525
37123533
37123541
37123967
37124962
37124970
37124989
37129978
37129986
37130026
37130050
37130077
37130115
37130140
37130166
37130182
37130190
37130204
37131528
37132396
37132426
37132442
37132450
37132469
37137318
37137342
37139025
37139033
37139041
37139068
37139076
37139084
37139092
37139106
37139130
37140100
37142810
37142829
37142837
37142845
37142861
37142870
37150252
37150279
37150287
37150295
37150317
37150333
37150350
37150368
37150376
37150384
37150414
37150422
37150430
37150449
37154831
37154840
37154858
37154866
37155470
37155497
37155500
37155527
37155535
37155543
37155551
37155560
37155578
37155608
37155616
37155969
37155977
37155993
37156026
37156727
37159677
37163864
37163872
37163880
37163899
37163902
37163910
37163929
37163945
37163953
37163970
37166488
37166496
37166500
37166518
37166526
37166534
37166542
37166569
37166585
37171905
37171913
37171956
37171972
37171980
37171999
37172005
37172021
37172030
37172099
37172110
37172145
37172820
37180083
37180091
37180130
37180156
37180164
37180180
37180199
37180210
37180237
37180253
37180270
37181518
37181526
37182211
37189180
37189970
37189988
37189996
37190001
37190010
37190028
37190036
37190044
37190087
37190095
37190117
37190125
37190133
37190141
37190168
37190176
37194437
37194453
37194461
37194496
37194500
37194631
37194640
37194658
37196543
37196551
37196560
37196578
37200075
37200091
37200105
37200113
37200148
37200156
37200164
37200172
37200180
37200202
37200245
37200261
37201976
37202009
37202068
37202076
37202483
37202505
37202521
37202530
37202548
37205870
37209686
37209732
37209740
37209775
37209805
37209813
37209821
37209830
37209899
37209902
37209910
37209929
37209937
37209970
37210460
37218870
37218919
37218935
37218951
37218978
37218994
37219027
37219043
37219051
37219060
37219094
37219116
37219124
37219140
37219159
37219167
37221566
37227356
37227372
37227380
37227429
37227437
37227445
37227453
37227461
37227470
37227895
37227925
37228084
37235812
37235855
37235880
37235910
37235936
37236540
37236559
37236567
37236575
37236583
37236591
37236605
37236613
37236621
37236630
37236648
37240061
37240096
37240118
37244780
37244799
37244837
37244845
37244853
37244861
37244870
37244888
37244896
37244900
37244918
37244934
37244942
37244977
37244985
37245000
37245018
37245026
37245050
37245085
37245590
37246188
37246781
37246790
37248103
37248162
37255151
37255160
37255208
37255216
37255224
37255232
37255259
37255267
37255283
37255291
37255305
37255313
37255321
37255330
37255356
37255372
37255640
37264087
37264095
37264109
37264133
37264150
37264176
37264184
37264192
37264206
37264222
37264230
37264257
37264265
37264680
37264702
37264729
37264753
37270658
37270666
37270682
37270690
37271947
37271955
37271998
37272004
37272020
37273034
37273042
37273050
37273077
37273468
37273484
37273506
37273522
37273549
37278155
37278163
37278171
37278198
37279428
37280945
37280953
37280961
37280970
37281002
37281029
37281037
37281045
37281061
37281070
37281096
37281100
37281118
37281126
37281134
37281150
37281177
37281185
37286530
37286565
37286603
37287900
37287919
37287935
37287951
37287960
37287986
37287994
37288000
37288019
37288035
37288043
37289359
37289375
37289383
37289391
37289405
37289413
37289421
37289456
37289464
37289480
37289499
37289529
37297130
37297149
37297165
37297173
37297181
37297211
37297220
37297238
37297246
37297254
37297262
37297270
37297289
37297297
37297300
37297319
37297351
37297360
37298101
37298136
37298152
37306190
37306212
37306220
37306247
37306263
37306271
37307471
37307480
37307501
37307510
37307536
37307587
37307617
37307625
37307633
37308000
37316453
37316470
37316496
37316500
37316518
37316526
37316534
37316550
37316577
37316585
37316607
37316623
37316640
37316836
37316844
37316852
37321778
37321808
37321816
37321824
37321832
37321840
37321867
37321883
37321891
37323493
37323523
37323531
37323540
37323558
37323566
37323574
37323582
37323639
37329836
37329852
37329860
37329909
37329917
37329950
37329976
37331372
37331380
37331399
37331402
37331410
37331429
37331437
37331445
37331453
37331461
37331470
37331488
37331496
37331518
37331526
37331887
37338788
37338800
37338818
37338869
37338885
37339813
37339848
37339864
37339872
37339899
37339902
37339910
37339929
37339937
37341864
37341880
37341902
37341929
37341937
37341945
37341961
37347824
37347859
37347867
37347875
37347905
37347948
37347956
37347972
37348005
37348021
37348030
37348048
37348056
37348072
37355649
37355703
37355770
37355819
37355827
37355835
37355843
37355851
37355860
37355878
37355886
37355894
37355908
37355932
37355940
37355967
37355983
37355991
37356008
37356032
37356040
37356059
37356091
37356105
37356393
37356652
37356679
