16298915
16301778
16305117
16311836
16312610
16312653
16312670
16312696
16312726
16312734
16313942
16313969
16319554
16319562
16319619
16319627
16319635
16321988
16321996
16322002
16322010
16326020
16329132
16329175
16329183
16329205
16329213
16329230
16329280
16329299
16329302
16331248
16331264
16331272
16331302
16331345
16331353
16331388
16331400
16331469
16331485
16331507
16331540
16331566
16331612
16331639
16331647
16331655
16331663
16331671
16331698
16336520
16336539
16336547
16336555
16336580
16336598
16336660
16336717
16336768
16343064
16343099
16343102
16343145
16343161
16343188
16343196
16344523
16347562
16347589
16347627
16347635
16347643
16347651
16347678
16347694
16347708
16347716
16347724
16347732
16347740
16347767
16347775
16347805
16347821
16347830
16347880
16347899
16347902
16348770
16352054
16355549
16355590
16355611
16355646
16355654
16355662
16355689
16355697
16355700
16355727
16355735
16355743
16355760
16355794
16355824
16355875
16355930
16355948
16362244
16362252
16362287
16366823
16366831
16366840
16366858
16366874
16366920
16366955
16366963
16366998
16367004
16367047
16367080
16367110
16367128
16367152
16367160
16367179
16367209
16367217
16367292
16369218
16369234
16369242
16381360
16381394
16381416
16381424
16381432
16381440
16381475
16381491
16381513
16381548
16381572
16381580
16381599
16381610
16381629
16381637
16381653
16381661
16381734
16381785
16381831
16381840
16381920
16382004
16382012
16382047
16382055
16390457
16390490
16390503
16390511
16390546
16390554
16390619
16390643
16390660
16390678
16390708
16390716
16390732
16390740
16390759
16393801
16396719
16396735
16396743
16396760
16396786
16398418
16399618
16399650
16399685
16399693
16399723
16399731
16399740
16399766
16403891
16409657
16409665
16409673
16409690
16409703
16409746
16409754
16409762
16409827
16409851
16409878
16409894
16409908
16409959
16409975
16409991
16410015
16410031
16410090
16410112
16410155
16410163
16410171
16412334
16416344
16416360
16416379
16419391
16419405
16419464
16419545
16419553
16419561
16419596
16419618
16419626
16419634
16419669
16422710
16422729
16422745
16422753
16425172
16425180
16425202
16427858
16430012
16430020
16430047
16430080
16430101
16430110
16430136
16430144
16430209
16430217
16430225
16436767
16437312
16437339
16437363
16437380
16437398
16437444
16437479
16437487
16437533
16437550
16437576
16437592
16437673
16437690
16437720
16440520
16441194
16441216
16441224
16441232
16441240
16441259
16441275
16441283
16441305
16441321
16441372
16441402
16441410
16441429
16441453
16447383
16450230
16450265
16450290
16450303
16450346
16450435
16450460
16450508
16450532
16450540
16450559
16450605
16450621
16450630
16456683
16456691
16456721
16457891
16457921
16457930
16457948
16457956
16457964
16457972
16457999
16458013
16458030
16458064
16458072
16458080
16458099
16458102
16458161
16458170
16458196
16460200
16466890
16466903
16466911
16466920
16466938
16469810
16469829
16469888
16469896
16469900
16469926
16469950
16469969
16469985
16470041
16470076
16470084
16470114
16470149
16470157
16470181
16470190
16470203
16470211
16470246
16470254
16470289
16470319
16470327
16470335
16470343
16470378
16470386
16470394
16470408
16475669
16477899
16477929
16477937
16477945
16477953
16477961
16477970
16477996
16478010
16478045
16478053
16480126
16480134
16482151
16482160
16482186
16482224
16482259
16482267
16482283
16482321
16485433
16488154
16491117
16491133
16491141
16491150
16491168
16491184
16491206
16491222
16491249
16491257
16491281
16491290
16491362
16491370
16491397
16491443
16491451
16491494
16491540
16491575
16491583
16495305
16495313
16495402
16495461
16495470
16495488
16495526
16501571
16501598
16501610
16501628
16501636
16501652
16501660
16501687
16507388
16507396
16507426
16507434
16522655
16522663
16522671
16522680
16522701
16522710
16522728
16522744
16522752
16522787
16522817
16522833
16522892
16522957
16523006
16523022
16523030
16523049
16523235
16525147
16525163
16525180
16525198
16525228
16525244
16527687
16527725
16527733
16531254
16531262
16531270
16531297
16531416
16541657
16541681
16541690
16541711
16541720
16541738
16541754
16541789
16541819
16541827
16541835
16541860
16541878
16541886
16545314
16545322
16545357
16545390
16545403
16549375
16549391
16549405
16549464
16549472
16553155
16553163
16553201
16553228
16553236
16553244
16553279
16553309
16553317
16557742
16557750
16560853
16560870
16560896
16560900
16560918
16560926
16560942
16567355
16567363
16567380
16567398
16567401
16567479
16567509
16567533
16567541
16567568
16567614
16567630
16567649
16567665
16569704
16571402
16571771
16571780
16571810
16571836
16571844
16571860
16571887
16571909
16571933
16571941
16571950
16571976
16571992
16572025
16572068
16572084
16572106
16572157
16572181
16572203
16572238
16572246
16572254
16572262
16573853
16577073
16578079
16578087
16578109
16578133
16578150
16578176
16578184
16582940
16582967
16582975
16583008
16583113
16583121
16583172
16583202
16583245
16583270
16583342
16586438
16586454
16586462
16586470
16586543
16586551
16586560
16586578
16586586
16586624
16587808
16587816
16587859
16587930
16591060
16591086
16591094
16591108
16591132
16591140
16591175
16591183
16591221
16591264
16591272
16591280
16591310
16591337
16596660
16596687
16596695
16600168
16600184
16600230
16600281
16600290
16602657
16606969
16606977
16607050
16607069
16607085
16607093
16607123
16607131
16607140
16607158
16607166
16607212
16607239
16607247
16607255
16607263
16607280
16607298
16610595
16610609
16610625
16610668
16610676
16610684
16610692
16615169
16615185
16615193
16615223
16615240
16615258
16615282
16615290
16615312
16615320
16615339
16615347
16616237
16631237
16631245
16635611
16635760
16635778
16641206
16641249
16641265
16641290
16641346
16641389
16646521
16646530
16646572
16646580
16646602
16646653
16646661
16646696
16646700
16646734
16646750
16651200
16653456
16653480
16653510
16653529
16653537
16653596
16653600
16653618
16657512
16657547
16657555
16657571
16657580
16657628
16657822
16664480
16664501
16664536
16664544
16664730
16664757
16664773
16664811
16664820
16664846
16664854
16664870
16664889
16671576
16671606
16671690
16671703
16671720
16671738
16671746
16671762
16671770
16671797
16672270
16674793
16676425
16676573
16676603
16676620
16676646
16676719
16676727
16676735
16677820
16677838
16679820
16679839
16679863
16679880
16679898
16682478
16682486
16682532
16682583
16682591
16682621
16682630
16682656
16682664
16682699
16684240
16684266
16684282
16684339
16684355
16684371
16684380
16684398
16684401
16684410
16684428
16684436
16684444
16688748
16688756
16688764
16688829
16688837
16688845
16688896
16688900
16688926
16688942
16688950
16688977
16692528
16692536
16692560
16692587
16692609
16692617
16694650
16697401
16697428
16697525
16697541
16697576
16697584
16699437
16699445
16699461
16699488
16705377
16705385
16705393
16705407
16705415
16705440
16705466
16705520
16705539
16705571
16705598
16709506
16709522
16711867
16711891
16711913
16717509
16719658
16719666
16719674
16719704
16719747
16719798
16719810
16719844
16719852
16719860
16719887
16719909
16719933
16719941
16719976
16719984
16719992
16723187
16729139
16729155
16729171
16729180
16729201
16729244
16729260
16729287
16729295
16729325
16729376
16730389
16730427
16730435
16730460
16730508
16730532
16730540
16730567
16732274
16732282
16732290
16734534
16734542
16737611
16737638
16737719
16737735
16737743
16737760
16737786
16737808
16737824
16738790
16740625
16740668
16744252
16744260
16744325
16744350
16744368
16744376
16744384
16744392
16744406
16744414
16744449
16744457
16744473
16744481
16744490
16744503
