14852002
14852010
14852029
14852037
14852045
14852053
14852070
14852088
14852096
14852100
14852126
14852134
14852142
14852223
14852240
14864910
14864937
14865002
14865010
14865088
14868246
14868254
14868262
14868270
14868319
14868335
14869969
14871110
14871128
14871144
14871152
14871233
14871250
14871276
14871284
14871306
14871322
14871330
14874396
14874400
14874418
14874450
14874477
14874485
14874493
14874531
14874540
14874558
14874566
14874574
14874930
14878606
14878614
14878673
14881652
14881679
14881687
14881709
14881717
14881725
14881750
14881784
14885573
14885581
14885603
14885654
14885662
14885670
14885689
14885719
14892007
14892023
14892066
14892090
14893118
14893134
14893142
14893150
14893169
14895658
14895682
14895704
14900320
14900339
14900371
14900401
14900444
14900452
14900479
14900487
14900495
14900509
14900541
14901350
14901393
14901415
14910308
14910332
14910391
14910413
14910421
14910448
14910456
14910480
14910499
14910510
14910529
14910537
14910553
14910561
14910570
14910588
14910626
14918697
14918700
14918743
14918751
14918778
14918794
14918867
14918875
14918905
14918913
14918921
14918948
14918956
14924850
14924893
14924915
14924940
14930186
14930194
14930232
14930267
14930305
14930321
14933310
14933344
14936073
14938015
14938040
14938066
14938074
14938090
14938112
14938139
14938180
14938201
14938228
14938236
14938252
14938287
14944360
14944408
14944424
14944432
14944459
14944467
14944491
14944513
14944521
14944548
14944556
14944572
14944599
14944629
14948973
14948981
14948990
14949006
14952281
14952303
14952311
14952320
14952346
14952354
14952362
14952389
14952419
14952443
14952451
14958187
14958217
14958225
14958233
14958276
14958292
14958349
14961000
14961034
14961050
14961077
14961085
14961115
14964502
14964553
14964561
14964600
14968474
14968482
14968539
14968555
14968580
14968610
14968628
14968660
14968679
14974514
14974522
14974530
14974573
14974603
14974670
14974689
14976400
14976418
14976426
14976442
14976450
14976477
14976485
14980273
14980290
14980346
14980354
14980362
14980370
14980389
14980397
14980400
14980419
14983016
14983024
14983091
14983156
14983164
14990773
14990781
14990811
14990838
14990862
14990889
14990919
14994406
14994414
14994430
14994457
14994465
14994490
14998882
14998904
14998963
14998998
14999004
14999012
15002379
15002387
15002395
15002425
15007538
15007546
15007589
15007597
15007600
15007627
15007651
15007686
15007694
15007724
15007740
15007759
15007805
15007813
15007821
15007830
15015107
15015158
15015190
15016102
15016137
15016145
15016161
15016188
15016200
15016226
15019206
15019222
15019230
15019257
15019273
15019281
15019320
15019338
15025062
15025070
15025089
15025097
15025119
15025127
15025135
15025208
15025224
15025283
15025305
15025313
15025356
15025364
15027071
15032949
15033200
15033219
15033251
15033260
15033316
15033324
15033340
15033367
15033375
15033391
15033464
15033472
15036762
15036789
15036800
15036835
15036860
15036894
15036916
15036932
15036940
15043301
15043417
15043441
15043468
15044749
15044757
15044765
15044790
15044820
15044846
15051894
15051908
15051916
15051967
15051991
15052016
15052024
15052040
15052059
15052091
15063759
15063791
15063821
15063830
15063856
15063872
15069182
15069190
15069263
15069271
15069298
15069310
15069328
15069336
15069352
15069360
15069409
15069492
15069506
15069514
15069522
15069557
15072579
15074480
15074529
15074545
15074561
15074570
15074596
15074600
15074626
15074634
15080032
15080040
15080059
15080091
15080130
15080164
15083624
15083632
15083640
15083675
15083691
15083713
15083730
15083772
15083780
15088320
15088338
15088400
15088419
15091740
15091759
15091775
15091783
15091791
15091805
15091821
15091856
15091864
15091880
15097301
15097310
15097328
15099264
15099280
15099299
15099302
15099337
15099345
15099353
15099361
15099370
15099388
15099400
15102645
15105501
15106663
15106671
15106680
15106710
15106736
15106752
15106787
15106809
15106833
15106841
15106868
15106876
15109856
15109864
15109899
15109902
15110010
15111694
15111724
15111759
15111767
15111775
15111805
15111813
15114704
15114720
15114739
15114747
15114763
15114780
15114836
15120889
15121779
15121795
15121809
15121833
15121892
15121930
15124198
15124201
15124210
15124228
15124236
15128530
15128548
15128572
15128599
15128610
15128637
15128645
15130513
15130521
15130530
15130556
15130564
15133480
15133498
15133501
15133536
15137511
15137546
15137554
15137570
15137597
15137600
15137627
15137635
15137660
15142291
15142305
15142313
15142330
15142348
15142356
15142410
15142470
15154180
15154199
15154210
15154229
15154237
15154253
15154261
15154296
15154300
15154334
15154342
15154385
15154407
15156106
15156114
15156122
15156173
15161749
15161765
15161820
15161838
15161846
15161897
15165058
15165066
15165074
15165090
15165120
15169068
15169092
15169122
15169130
15169149
15169165
15169173
15169181
15169190
15169203
15169220
15176570
15176588
15176596
15176618
15176642
15176669
15176715
15176723
15176766
15182920
15182954
15182970
15182997
15183038
15183054
15183089
15183097
15183100
15183135
15183160
15183208
15183216
15184548
15184572
15190701
15190728
15190779
15190795
15190817
15190825
15190841
15190876
15190884
15190892
15190922
15190930
15195890
15195903
15195911
15195938
15195946
15195970
15195997
15196011
15200856
15200902
15200910
15200945
15201002
15201029
15207129
15207145
15207196
15207218
15207226
15207234
15207250
15210469
15210477
15210493
15210523
15210558
15210566
15210590
15210604
15210639
15210647
15210655
15218187
15218195
15218209
15218217
15218322
15223132
15223140
15223183
15223191
15223248
15223256
15223302
15225346
15227479
15227495
15227525
15227576
15230350
15230440
15230466
15230474
15236655
15236698
15236701
15236736
15236760
15236795
15236817
15236825
15236841
15236850
15240958
15240966
15241007
15241031
15241090
15241104
15241139
15241147
15241155
15241201
15241953
15245378
15245408
15245416
15245440
15251035
15251043
15251051
15251060
15251086
15251108
15251116
15251140
15251159
15253133
15259942
15259950
15260009
15260017
15260041
15260050
15260106
15269407
15269423
15269431
15269482
15269490
15269512
15269520
15269580
15269598
15272852
15272879
15272992
15273009
15273017
15273033
15273092
15273106
15273122
15273157
15273165
15276641
15276684
15276714
15276749
15276773
15276781
15282856
15282872
15282902
15282945
15282961
15283029
15283045
15283053
15287691
15287713
15287730
15287748
15287802
15287810
15287845
15287853
15291498
15291501
15291595
15291641
15294044
15294079
15294087
15294095
15294109
15294117
15294176
15294230
15294257
15294273
15298739
15298763
15298771
15298810
15298844
15298860
15298879
15298909
15304288
15304296
15304300
15304342
15304385
15304393
15309781
15309803
15309854
15309870
15309919
15309960
15309994
15310000
15310018
15310034
15310050
15310107
15310131
15310158
15310174
15315031
15315074
15315112
15315139
15315155
15315198
15315210
15315244
15315252
15315260
15315287
15315309
15318860
15318879
15318895
15318909
15318917
15318933
15318950
15318968
15318976
15319009
15323972
15323980
15324013
15324021
15324048
15325396
15325400
15325426
15325442
15325450
15325477
15325493
15325540
15332628
15332636
15332660
15332687
15332776
15332806
15332849
15332865
15335667
15335705
15335748
15335756
15335780
15335829
15335861
15335888
15335896
15335900
15342850
15342885
15342931
15344290
15344304
15344312
15344320
15344371
15344398
15344410
15344428
15344436
15352315
15352358
15352382
15352412
15352455
15352471
15352536
15352579
15352587
15352609
15352625
15357398
15358717
15358725
15358750
15358768
15358776
15358857
15358881
15358890
15361445
15361461
