33249050
33249068
33249076
33249084
33249092
33249114
33249130
33252527
33252535
33252551
33252560
33252578
33253786
33256472
33258384
33258392
33258406
33258414
33258422
33258430
33258457
33258473
33258481
33258490
33258503
33262040
33262075
33267935
33267943
33267951
33267960
33269162
33269170
33269189
33269197
33269200
33269219
33269227
33269634
33269669
33273392
33273406
33273414
33273422
33273449
33275008
33275024
33275032
33278462
33278470
33278489
33278497
33278500
33278519
33278527
33278535
33278543
33278551
33283256
33283302
33284030
33288067
33288083
33288148
33293187
33293225
33293233
33293250
33293276
33293306
33293330
33293349
33293365
33293373
33295854
33299600
33299635
33299651
33299660
33299678
33299686
33299694
33301042
33303906
33303914
33303930
33303949
33303965
33303973
33303981
33308490
33308504
33308520
33308539
33309798
33314328
33314336
33314344
33314352
33314360
33314387
33314395
33314425
33314433
33314875
33314883
33314891
33318796
33318818
33319309
33319368
33319465
33325971
33325980
33326012
33326047
33331884
33331892
33331906
33331957
33331973
33336679
33336687
33336709
33336725
33336733
33340327
33340335
33340343
33340360
33340378
33341110
33341128
33345294
33346044
33346087
33346796
33350339
33350347
33350355
33350703
33352941
33355468
33355476
33355484
33355492
33355514
33356390
33361010
33361028
33361036
33361044
33361052
33361060
33361087
33361109
33361117
33366203
33366211
33366220
33366238
33366246
33370743
33370751
33370778
33370816
33370824
33370840
33372396
33372426
33372574
33375457
33375473
33375503
33375791
33375805
33375813
33380160
33380178
33380186
33380194
33380216
33384803
33384811
33384838
33384846
33384854
33384862
33384889
33384900
33388562
33389649
33390783
33390791
33390805
33390821
33394262
33394270
33394289
33394297
33394300
33394319
33394335
33394343
33394351
33394378
33394394
33394408
33395586
33398396
33398400
33398418
33398426
33399065
33399073
33402802
33402810
33402829
33402845
33402853
33402861
33403409
33403425
33407842
33407850
33407869
33407877
33407885
33407907
33408775
33411738
33411746
33411754
33411762
33411770
33411797
33412768
33412776
33413011
33413020
33413038
33417285
33417307
33417315
33417323
33417340
33417358
33417366
33417374
33417382
33417560
33417587
33421634
33421642
33421650
33421669
33421693
33421707
33421715
33421723
33425601
33425610
33426631
33426640
33426666
33427033
33428985
33428993
33429000
33429018
33429115
33429999
33430004
33434790
33434804
33435346
33435524
33436023
33436040
33436066
33436074
33436090
33436104
33438504
33438512
33439615
33440628
33444468
33444476
33444514
33444530
33444557
33444565
33444573
33444808
33448532
33448559
33448567
33448591
33448621
33448630
33452126
33452150
33452754
33452762
33452770
33456420
33456446
33456454
33456462
33457891
33457913
33458668
33458684
33458692
33458706
33458714
33458730
33458749
33462081
33462456
33462472
33462499
33464295
33465428
33465436
33465444
33465452
33466784
33470122
33470157
33470165
33470203
33470220
33471225
33471268
33474752
33474760
33474795
33474817
33474825
33474973
33474981
33474990
33475006
33475014
33475030
33478002
33479555
33479598
33479610
33479636
33479644
33479652
33479660
33483807
33483815
33483823
33483840
33483858
33484560
33484578
33484586
33484616
33484624
33484640
33488863
33488901
33488910
33488944
33488960
33488979
33488987
33489001
33489010
33489036
33489044
33489109
33492678
33496432
33496440
33496505
33496513
33496521
33501334
33501350
33502500
33502526
33502542
33507175
33507221
33507264
33508324
33508332
33508367
33508375
33508383
33508391
33508405
33508413
33508421
33508448
33508456
33508472
33511834
33511850
33511869
33511877
33512511
33512520
33512538
33515402
33515429
33516637
33516661
33516750
33521633
33521641
33521951
33521960
33521978
33521986
33522019
33522027
33522043
33524567
33526606
33526665
33526673
33526690
33526703
33526720
33526746
33527377
33530658
33530674
33530682
33530704
33530712
33530739
33530755
33530780
33530798
33530828
33535582
33535612
33535620
33535639
33539371
33539380
33539401
33539460
33542296
33542326
33542369
33542385
33542717
33549235
33549251
33549286
33549308
33549316
33549324
33549332
33549537
33549545
33549553
33549561
33551782
33551804
33552915
33552923
33552931
33552940
33556798
33557882
33557890
33557904
33557939
33557955
33557971
33557980
33558004
33558012
33558020
33559107
33562757
33562765
33562781
33562803
33562811
33562838
33567495
33567509
33567525
33567533
33567541
33567550
33567835
33571984
33572025
33572033
33572041
33572246
33577154
33577170
33577200
33577227
33577235
33582720
33583032
33583067
33583075
33583083
33583091
33583113
33585629
33585645
33585696
33585700
33586101
33586110
33586136
33586144
33586160
33586179
33586187
33588188
33591094
33591124
33591140
33595789
33595797
33595819
33595827
33595835
33595851
33596512
33596520
33596539
33596547
33596563
33597240
33597259
33601465
33602924
33602932
33602940
33602959
33606250
33606268
33606276
33606284
33606292
33606730
33610889
33610900
33610927
33610935
33610960
33615916
33615932
33615983
33618068
33618076
33618491
33618521
33618530
33618548
33618556
33618564
33622026
33622042
33622050
33622077
33622107
33622140
33622158
33622166
33622220
33622255
33623064
33623080
33623099
33623102
33623110
33623145
33628592
33628614
33628622
33628630
33628649
33628657
33628665
33628720
33628770
33628894
33632526
33632585
33632640
33638880
33638898
33638910
33638928
33638936
33638952
33638960
33638979
33638987
33640316
33640324
33640332
33640340
33640359
33643193
33643207
33643223
33643282
33645160
33645216
33645224
33645275
33645950
33649943
33649951
33649960
33649978
33649986
33649994
33650000
33650018
33650034
33650042
33650050
33650069
33650077
33650085
33650093
33651145
33651153
33651161
33652930
33652949
33652957
33652965
33652990
33653006
33653014
33658127
33658151
33658259
33658275
33658291
33663271
33663298
33663301
33663310
33663336
33663344
33663352
33663360
33663379
33663387
33668864
33668880
33668910
33668945
33668961
33668996
33670716
33673860
33674505
33674513
33674521
33674530
33674580
33674599
33674602
33679863
33679871
33679880
33679898
33679901
33679910
33679928
33679936
33679944
33679952
33679960
33683643
33683686
33685393
33685482
33685512
33688870
33688896
33688934
33688942
33688977
33693353
33699135
33699143
33699178
33699194
33699208
33699224
33699313
33699330
33699348
33699623
33705245
33705270
33705288
33705296
33705300
33705318
33705334
33705342
33705350
33705369
33709620
33709638
33709654
33709670
33709735
33710489
33710500
33710519
33710527
33710535
33713990
33714006
33714022
33714030
33714057
33714065
33714073
33714081
33715036
33719542
33719585
33719593
33719607
33720393
33724778
33724794
33724808
33724816
33724824
33724832
33724930
33724956
33724980
33730621
33730656
33730672
33730680
33730702
33730710
33731503
33734364
33734372
33734380
33734399
33734410
33734429
33735033
33735106
33738692
33738714
33738730
33738757
33738811
33738838
33739620
33739639
33739647
33739698
33739701
33739710
33739728
33739736
33740307
33744325
33744333
33744902
33744929
33744937
33744945
33744953
33744970
33744988
33744996
33750157
33750165
33750181
33750190
33750238
33750270
33750319
33750378
33750386
33754051
33754060
33754078
33754086
33754094
33754116
33754680
33754701
33757546
33759881
33759890
33759903
33759920
33759938
33759946
33759954
33759962
33759970
33759989
33759997
33760487
33763424
33763432
33764144
33764152
33764160
33764195
33764209
33764217
33769346
33769354
33769362
33769370
33769389
33769397
33769400
33769419
33770766
33770774
33770782
33770790
33774784
33774792
