32771488
32771500
32771526
32771534
32771569
32771577
32772505
32776221
32776230
32776272
32776310
32776337
32783377
32783393
32783407
32783431
32783474
32783482
32783490
32783504
32783539
32783555
32783571
32783580
32783601
32784232
32790650
32791027
32791256
32791264
32791272
32791280
32791302
32791310
32791329
32791337
32791345
32791353
32791604
32791612
32797496
32797500
32797518
32797550
32797577
32797593
32797623
32798114
32798149
32798165
32798173
32798181
32802177
32802185
32802193
32802266
32802290
32809167
32809183
32809450
32809507
32809574
32809582
32809698
32809701
32816067
32816075
32816091
32816105
32816113
32816121
32816130
32816156
32816180
32816229
32816776
32816784
32816792
32816814
32816822
32817445
32823056
32823064
32823072
32823080
32823110
32823137
32823153
32823196
32823200
32824086
32824094
32824116
32830029
32830037
32830045
32830061
32830088
32830096
32830118
32830126
32831504
32831547
32831555
32836960
32836986
32837027
32837116
32837124
32837132
32837140
32837159
32837175
32842988
32843002
32843010
32843053
32843061
32843070
32843096
32843100
32843126
32843134
32843150
32843177
32843215
32843223
32843258
32843266
32849986
32850018
32850026
32850034
32850042
32850077
32850107
32850115
32851463
32851498
32851501
32851528
32851536
32851544
32851781
32851790
32854001
32856932
32856959
32856991
32858771
32858801
32858810
32858828
32858836
32858844
32858887
32858895
32858917
32864382
32864390
32865493
32865507
32865515
32865523
32865531
32865558
32865566
32865574
32865582
32866480
32866499
32866502
32866510
32866529
32866537
32871444
32871460
32871487
32871495
32871517
32871525
32871533
32871541
32871550
32871568
32871576
32871584
32871592
32871606
32871614
32871649
32871657
32871673
32872660
32876026
32876050
32876441
32877242
32877269
32877293
32877323
32878477
32878485
32878531
32881898
32884509
32884517
32884541
32884550
32884568
32884606
32884622
32884657
32884665
32885458
32885490
32885504
32885555
32885563
32885580
32893442
32893450
32893469
32893477
32893515
32893523
32893531
32893574
32893582
32893604
32893612
32893655
32893663
32893710
32893728
32898083
32898431
32898466
32900043
32900051
32900078
32900108
32900116
32905741
32905768
32905776
32905792
32905806
32905814
32905822
32905830
32905865
32905873
32905890
32905903
32905911
32905920
32905938
32906151
32906160
32906178
32906186
32906194
32906224
32906232
32906240
32906437
32911468
32911476
32911484
32911492
32911514
32911522
32911557
32911573
32911590
32911611
32911620
32911638
32911654
32911662
32912153
32916783
32916791
32917487
32917584
32917665
32917690
32917746
32918865
32918873
32924638
32924662
32924670
32924689
32924719
32924727
32924735
32924743
32925900
32925919
32930451
32930478
32930486
32930494
32930508
32930532
32930567
32930575
32930583
32930605
32930613
32930621
32930630
32930648
32930664
32930672
32930680
32930699
32931406
32937123
32937131
32937166
32937174
32937182
32937190
32938307
32938315
32938323
32938340
32938358
32938366
32943982
32944007
32944040
32944074
32944112
32944120
32952417
32952433
32952450
32952468
32952476
32952484
32952506
32952514
32952522
32952549
32952557
32952565
32952638
32953218
32953234
32957899
32957902
32957929
32957945
32957953
32959164
32959199
32959229
32959245
32959253
32959288
32959296
32959318
32959326
32959334
32959350
32964306
32964314
32964322
32964330
32964349
32965409
32965417
32965450
32965506
32965565
32965603
32971273
32971303
32971311
32971338
32971362
32971370
32971397
32971400
32971419
32971427
32971435
32976181
32976661
32976670
32976688
32976696
32976700
32976718
32976726
32976734
32976998
32977926
32977934
32977950
32977969
32984044
32985333
32985341
32985350
32985368
32985376
32985384
32985392
32985406
32985414
32985422
32985430
32985449
32985457
32985465
32985481
32985490
32985503
32987601
32990356
32990372
32990410
32990429
32990437
32990445
32997753
32997761
32997770
32997796
32997800
32997842
32997869
32997877
32997893
32997915
32997923
32997931
32997958
32997966
32997974
32997982
33003933
33003941
33003968
33004009
33004017
33004025
33004033
33005039
33005047
33005055
33005640
33005659
33005667
33005799
33010191
33010213
33010230
33010248
33010272
33010280
33010299
33010302
33010310
33010337
33015296
33015318
33015334
33015342
33015350
33015369
33015377
33015385
33015407
33015920
33015938
33023078
33023086
33023094
33023108
33023116
33023124
33023132
33028610
33028687
33028750
33028776
33028784
33029577
33029585
33029593
33029607
33029615
33029623
33037073
33037081
33037090
33037103
33037111
33037138
33037146
33041155
33041163
33041180
33041198
33041201
33041210
33041228
33041236
33041279
33041619
33041627
33045513
33047220
33047239
33047247
33047271
33047280
33047980
33047999
33048005
33048013
33048030
33053435
33053443
33053567
33054562
33054570
33054589
33054600
33054619
33054635
33054643
33054660
33054686
33054724
33054740
33059454
33059462
33059470
33059497
33059500
33059519
33059527
33059535
33059551
33059560
33059586
33059799
33061047
33063960
33063978
33063994
33065510
33065596
33069474
33069504
33069512
33069571
33077000
33077019
33077043
33077060
33077078
33077086
33077094
33077140
33077167
33077183
33080502
33080529
33080537
33080545
33081109
33081117
33081125
33081150
33081168
33081192
33085534
33085550
33085569
33085968
33085976
33085984
33085992
33086009
33086033
33088034
33091668
33091706
33092132
33092140
33092175
33097563
33097571
33097580
33097601
33097610
33101311
33101354
33101907
33101958
33101966
33101974
33101982
33107470
33107519
33107535
33107551
33108050
33108069
33108077
33108549
33108557
33113022
33113030
33113049
33113065
33113073
33113081
33113090
33113103
33113278
33113286
33113308
33120909
33120917
33120925
33120976
33120992
33121009
33121025
33121033
33121050
33125299
33125310
33125329
33125353
33125361
33126537
33131622
33131649
33131657
33131681
33131703
33131754
33131762
33131770
33131789
33131797
33138035
33138043
33138060
33138078
33138140
33138159
33138167
33144924
33144932
33144940
33144975
33144991
33145008
33145776
33145784
33145814
33145822
33145849
33145881
33150497
33150500
33150519
33151271
33151301
33151310
33156210
33156228
33156236
33156244
33156260
33156295
33156317
33161062
33162033
33162041
33162050
33162076
33162106
33162114
33162122
33162130
33162149
33167723
33167758
33168419
33168427
33168435
33168443
33168460
33168478
33173342
33173369
33173377
33173385
33173393
33173431
33173440
33173458
33178587
33178595
33178609
33184481
33184490
33184503
33184511
33184520
33184546
33184554
33184589
33184597
33184600
33184619
33184627
33184635
33184643
33184651
33185410
33189705
33189721
33189730
33189748
33189756
33189764
33189772
33191632
33191640
33191667
33195022
33195030
33195065
33195073
33195138
33195154
33195200
33195227
33195235
33195243
33195251
33200633
33200641
33200650
33200676
33200714
33200722
33200730
33200757
33200773
33200781
33200790
33205991
33206008
33206067
33206105
33206113
33210165
33210173
33210181
33210190
33210203
33210211
33211284
33211292
33211306
33211314
33211322
33211349
33211942
33216230
33216257
33216265
33216281
33216290
33216303
33216338
33217651
33217660
33221776
33221814
33221822
33221830
33221857
33221865
33221873
33221881
33221903
33221911
33221920
33221938
33222801
33222828
33227000
33227035
33228278
33228286
33228294
33228308
33228316
33228332
33232988
33233010
33233029
33233053
33233398
33233428
33233436
33233444
33233460
33236432
33236440
33236459
33236467
33236483
33236505
33236556
33236564
33241889
33241897
33241919
33241927
33241935
33241943
33241960
33248291
33248305
33248321
33248330
33248364
33248380
33249033
