38094916
38094924
38094932
38094940
38094959
38094967
38094975
38094983
38095008
38099808
38099824
38099832
38099840
38099859
38099867
38099875
38100376
38100384
38100392
38100805
38100830
38106050
38106077
38106085
38106093
38106107
38106123
38106131
38106140
38106166
38106174
38106190
38106204
38106212
38106220
38107609
38107617
38107625
38110949
38111278
38111286
38111294
38111308
38111316
38111332
38112079
38112087
38112095
38112109
38112117
38112125
38113210
38113228
38113236
38117432
38117440
38117459
38117769
38122358
38122382
38122390
38122404
38122412
38123302
38123477
38128547
38128555
38128598
38129011
38129020
38135021
38135030
38135048
38135064
38135072
38135080
38135099
38135110
38135129
38135153
38135161
38135170
38135188
38135196
38136760
38140125
38140133
38140141
38140150
38140168
38140508
38140516
38140524
38140532
38140559
38141228
38141236
38144062
38145564
38145572
38145599
38145610
38150390
38150404
38150439
38150447
38150455
38150463
38150480
38152103
38152111
38152120
38156903
38156920
38156938
38158165
38158173
38158181
38158190
38158203
38158220
38158246
38158254
38163641
38163676
38163684
38163706
38163714
38163773
38163781
38163790
38163803
38163811
38163820
38163854
38164027
38168975
38169024
38169032
38169040
38169059
38173998
38174438
38174446
38174454
38174470
38174489
38174497
38174500
38174519
38175808
38179770
38179796
38179800
38179826
38179834
38179842
38179850
38179893
38179907
38179915
38183703
38185313
38185364
38186092
38186122
38186149
38186157
38186165
38186181
38186190
38186238
38186246
38186297
38186882
38192809
38192817
38192825
38192833
38192841
38192850
38192868
38192892
38192906
38197903
38197911
38197920
38197938
38197962
38197970
38197997
38203940
38203967
38203983
38203991
38204024
38204032
38204040
38204059
38204300
38204318
38204725
38204733
38209218
38209226
38209234
38209269
38209277
38209285
38209293
38210263
38210271
38210280
38214427
38215716
38216509
38216517
38216525
38216541
38221203
38221238
38221246
38221254
38221556
38221564
38221572
38221599
38221807
38221815
38221831
38221866
38221882
38222500
38222519
38227257
38227265
38227273
38227290
38227303
38227370
38228481
38228490
38228503
38228511
38234009
38234017
38234025
38234033
38234793
38234807
38234815
38234831
38234858
38234874
38234882
38235446
38235462
38235470
38235489
38237323
38237358
38242877
38242885
38242893
38242907
38242923
38244673
38244681
38244690
38244703
38244711
38244720
38244746
38244754
38244991
38245008
38245032
38245040
38245067
38245075
38251328
38251336
38251379
38251387
38251395
38251409
38251425
38251441
38251476
38251484
38251492
38251506
38251859
38251867
38257177
38257185
38257380
38257894
38257908
38257916
38257932
38257940
38257959
38259283
38259291
38259305
38259330
38263292
38263314
38263322
38263365
38263381
38264425
38264433
38264450
38264468
38264476
38264484
38264514
38264522
38269325
38269775
38269783
38269791
38269813
38270320
38270338
38270346
38270354
38270370
38270389
38270397
38270419
38270540
38270559
38270567
38270575
38270770
38270788
38270796
38276209
38276225
38276233
38276241
38276250
38276268
38277204
38277220
38277239
38277247
38277263
38277298
38277301
38278013
38279388
38279396
38284570
38284589
38284600
38284619
38284635
38284643
38284651
38284678
38284694
38284716
38284724
38284767
38284775
38284783
38284791
38285460
38285495
38285509
38290564
38290580
38290602
38290610
38290629
38290637
38290653
38290696
38290718
38290904
38290912
38290920
38290939
38290947
38290955
38295731
38295740
38295758
38295782
38295790
38295804
38296079
38296087
38296095
38296117
38296125
38296133
38296141
38296150
38296168
38296176
38296184
38296192
38296214
38301612
38301620
38301639
38301647
38302413
38302421
38302430
38302448
38302456
38302464
38302480
38302499
38302502
38302804
38302812
38302820
38303427
38304058
38308939
38308971
38308980
38309012
38309047
38309055
38309080
38309101
38309110
38309128
38309160
38309195
38309756
38309772
38309780
38314507
38314566
38314574
38314582
38315758
38315766
38315774
38315782
38316320
38316338
38316346
38316354
38316389
38316397
38321075
38321113
38321997
38322003
38322062
38322070
38322089
38322097
38322100
38322119
38322453
38322461
38322470
38322488
38326730
38326749
38326757
38326765
38326781
38326790
38326820
38326838
38328278
38328286
38328294
38328316
38328324
38331117
38331125
38331770
38331788
38331796
38331800
38331818
38331826
38331834
38331842
38331850
38331877
38332414
38332430
38332457
38332465
38332473
38332481
38332490
38332503
38332511
38332759
38333509
38338816
38338832
38338840
38338867
38338883
38338891
38338905
38338921
38338930
38339161
38339170
38339188
38339196
38339200
38344605
38344672
38345260
38345279
38345295
38345309
38345775
38345821
38351300
38351319
38351327
38352020
38352845
38352853
38352861
38352870
38352888
38352896
38352918
38352926
38352934
38352969
38358279
38358287
38358333
38358341
38358350
38358376
38358392
38358970
38358996
38363976
38363984
38364009
38364033
38364041
38364076
38364084
38364173
38364181
38364190
38364203
38364211
38364289
38369723
38369731
38369740
38369774
38369790
38369804
38369820
38369839
38369863
38369871
38369880
38369898
38369910
38369960
38371111
38371138
38371146
38371154
38375350
38375369
38375385
38375393
38375415
38375423
38375458
38375490
38375504
38375512
38375520
38375539
38382692
38382706
38382722
38382765
38382773
38382790
38384731
38384758
38384766
38384774
38387665
38387703
38387711
38387738
38387770
38387797
38387800
38387819
38387827
38387843
38389747
38394093
38394107
38394115
38394123
38394131
38394158
38394166
38394174
38394190
38394204
38394212
38394220
38394239
38394530
38394549
38395137
38395471
38399112
38399120
38400403
38400420
38400438
38400446
38400454
38400462
38400489
38401344
38402005
38402030
38406228
38406236
38406244
38406279
38406295
38406309
38406325
38406333
38406341
38406376
38406384
38406392
38406899
38406902
38406929
38406953
38406961
38406970
38406996
38407959
38407975
38407983
38407991
38408008
38408334
38412750
38412769
38412777
38412823
38412858
38412866
38413330
38413357
38413365
38413691
38413705
38414700
38419295
38419309
38419317
38419341
38419368
38419384
38419406
38419414
38419430
38419449
38419457
38419554
38423814
38423830
38423873
38424879
38424887
38424895
38424941
38424976
38424992
38425009
38430285
38430293
38430323
38430358
38430447
38430455
38431051
38436849
38436865
38436873
38436881
38436903
38436954
38437232
38444736
38444752
38444787
38444795
38445952
38445960
38446001
38449407
38449415
38449440
38449865
38450657
38454543
38454586
38454616
38454624
38459842
38460570
38460618
38460766
38460804
38461672
38461680
38461710
38465763
38466491
38467160
38467233
38467268
38467276
38467292
38472914
38472930
38478127
38478186
38478194
38478887
38478933
38484986
38490856
38491061
38497811
38501831
38503603
38503646
38504463
38509738
38514297
38514300
38514653
38521243
38527149
38527289
38527297
38533957
38533973
38534090
38534111
38543640
38544875
38544964
38551058
38551627
38551635
38557140
38557158
38558005
38558021
38558080
38563214
38568602
38574922
38575200
38584667
38585158
38590723
38595682
38595704
38595720
38596750
38596777
38601601
38602984
38613010
38613150
38613177
38618549
38624400
38635590
38639908
38657270
38661409
38666120
38679015
38691558
38697259
38736536
38784916
38809298
38937017
39315055
39435981
39737971
40040012
40049488
40293252
40401087
40717196
40751023
40998962
41272975
41332872
41594270
41617071
42125883
42396459
42440775
42470563
42699959
42951192
42991103
43026764
43228682
43252966
43324787
43419208
43754393
44203015
44262186
44542429
44710190
45090100
45096111
45114455
45326709
45579817
45645023
45835567
45966740
45974433
46083861
46096535
46138487
46322110
46445058
46655238
46706340
46765400
46922645
47668210
47773746
48054765
48063887
48447063
48850839
49018922
49100517
49100568
49432087
50013368
50131541
50145148
50159640
50328153
