8782018
8782034
8798979
8803340
8805570
8811849
8815689
8815735
8816943
8816978
8820065
8820146
8820189
8827500
8832698
8832701
8832892
8836290
8836312
8836371
8840135
8844986
8853950
8854025
8860736
8860760
8860868
8865245
8867548
8873710
8873728
8876678
8876686
8876716
8876724
8876783
8889473
8889724
8889732
8889805
8889821
8889830
8889848
8889945
8889953
8894917
8894933
8895041
8901062
8901070
8901135
8903314
8903330
8903357
8903420
8903462
8909082
8916616
8916624
8916640
8916780
8919949
8927461
8927496
8927518
8930912
8930971
8939059
8939083
8943432
8946269
8946331
8950189
8950219
8955283
8959730
8973018
8976219
8986492
8986530
8986557
8986611
8986697
8986700
8986735
8993252
9003671
9003752
9003760
9003809
9003825
9003833
9005893
9005990
9010636
9010652
9013403
9013870
9013934
9014077
9024224
9024267
9028226
9031116
9039683
9042824
9046834
9046915
9046923
9047040
9052941
9053009
9053084
9055239
9061028
9061168
9061176
9065763
9065780
9065836
9065860
9065879
9065887
9066157
9069250
9069277
9069307
9074540
9074613
9077938
9078062
9085442
9085493
9085540
9085604
9085612
9085680
9085698
9091746
9091754
9091843
9091983
9098620
9098639
9098698
9109738
9109762
9109860
9114548
9118744
9118760
9118795
9118892
9118930
9119006
9119022
9123430
9123449
9123465
9123520
9129280
9129301
9129328
9129360
9129514
9129573
9144131
9144158
9144174
9144298
9144662
9144670
9144689
9144735
9156004
9156020
9156039
9156047
9156055
9156063
9156080
9156098
9156128
9160153
9160170
9160188
9160242
9169187
9171004
9171080
9171241
9171268
9182330
9182399
9182410
9191117
9191168
9191249
9194903
9200347
9206439
9212520
9212554
9219510
9219692
9219820
9220131
9220158
9220166
9226312
9226355
9237095
9237109
9241479
9241495
9252346
9252354
9252362
9255903
9255946
9256062
9256135
9256208
9256259
9256283
9256461
9256666
9258918
9277111
9277324
9277359
9277383
9277391
9277430
9277618
9277740
9277774
9277871
9277910
9277936
9291671
9303148
9303156
9303296
9303334
9303350
9303377
9303393
9303415
9303431
9303458
9303482
9303644
9304070
9304119
9304127
9304160
9313427
9321667
9321926
9321950
9321993
9322026
9322085
9322093
9322182
9322484
9338154
9343479
9343665
9343720
9343800
9343819
9343878
9343959
9343975
9343991
9344024
9344318
9366391
9366499
9366510
9366561
9366707
9366731
9366812
9366952
9367095
9367109
9384878
9384932
9384967
9385008
9385016
9385024
9392455
9399062
9399070
9399208
9399623
9399631
9403350
9403368
9403376
9403422
9403430
9407769
9407777
9413060
9415230
9415273
9419950
9423357
9423446
9429333
9434259
9434321
9434330
9434372
9441817
9443745
9455375
9455634
9455693
9455910
9459229
9461393
9465719
9469370
9469435
9469567
9469591
9469621
9472570
9478786
9478840
9478867
9484222
9484303
9484362
9488240
9488313
9490860
9490968
9495000
9495035
9495060
9495078
9495132
9498848
9498880
9503278
9506908
9506967
9506975
9507008
9507024
9507059
9510283
9516057
9516120
9516189
9516197
9516235
9519827
9519835
9527064
9527102
9527170
9527188
9533457
9539344
9542978
9542994
9543060
9543086
9543124
9543213
9543264
9546384
9546686
9546716
9549801
9554034
9554085
9554093
9554140
9575410
9575436
9575444
9575452
9575525
9580440
9580459
9580491
9580505
9590959
9591628
9591725
9591741
9591776
9599125
9599222
9610690
9610720
9610738
9612631
9612666
9612682
9612720
9612739
9612860
9622350
9627080
9627101
9627233
9627268
9627284
9627438
9627519
9650830
9650945
9650970
9651002
9651070
9651142
9651185
9651207
9651320
9653526
9653534
9653542
9653615
9653801
9659952
9660000
9660124
9660167
9660175
9673566
9673701
9673728
9679992
9680032
9680091
9693520
9693652
9693725
9706035
9706051
9706132
9709023
9709066
9709104
9709201
9709236
9709244
9713571
9713580
9718765
9723664
9725576
9725584
9725606
9731748
9731772
9731802
9748065
9748138
9748251
9756645
9756653
9756742
9757942
9758859
9758867
9759013
9761951
9761986
9762108
9766991
9767032
9771190
9779177
9779193
9779207
9784491
9784521
9784580
9788221
9792206
9792249
9799859
9806395
9812842
9812885
9818861
9818934
9819026
9821654
9821670
9821824
9823973
9824014
9831232
9831267
9837782
9838788
9841333
9841341
9841350
9842010
9849124
9849540
9855665
9859560
9859632
9868789
9868800
9868843
9868860
9868991
9876226
9876242
9876285
9876293
9876315
9880065
9880073
9880090
9880111
9884350
9884407
9887748
9887799
9887837
9899971
9900006
9900065
9900081
9900146
9909145
9914915
9920488
9920526
9920631
9925698
9925701
9925760
9937897
9937900
9938086
9938205
9944720
9944738
9952048
9952064
9952080
9956082
9956090
9959283
9959291
9959321
9959399
9965110
9965226
9967537
9967561
9973806
9973865
9973873
9980021
9980072
9980170
9983079
9983133
9983141
9983176
9988394
9988467
9988475
9988580
9994361
10001127
10001160
10001186
10001194
10004360
10004379
10004417
10004441
10004476
10009163
10009171
10009228
10009287
10009341
10017034
10017077
10024481
10027003
10027038
10027046
10027062
10027151
10031241
10035324
10035847
10035944
10048332
10048456
10056610
10056637
10056653
10056734
10056807
10065112
10065139
10070020
10070046
10074374
10074412
10074560
10074579
10081584
10081657
10081681
10081711
10081720
10082237
10082261
10082288
10091057
10093945
10093970
10093996
10094002
10099514
10099565
10099573
10099654
10107633
10107641
10107692
10112125
10112150
10112176
10112192
10117750
10117769
10117858
10121700
10121751
10130423
10131046
10139279
10139317
10143482
10144127
10152529
10152570
10152600
10157461
10163692
10166273
10166281
10166290
10169563
10169601
10169628
10189005
10189080
10189579
10189714
10189986
10189994
10190050
10190085
10195821
10195864
10195899
10195902
10195988
10196002
10196037
10196045
10196053
10206572
10206653
10206661
10206742
10206858
10208549
10208573
10208603
10208646
10208697
10220305
10220429
10227818
10227850
10227885
10227915
10227931
10227940
10228007
10232687
10242869
10242877
10249271
10249301
10256775
10256848
10262386
10262408
10262432
10262548
10262572
10262599
10280250
10280277
10285100
10300242
10300285
10300382
10300439
10300480
10300510
10300579
10303397
10303400
10303435
10303460
10311330
10315170
10315197
10315383
10321563
10326544
10326552
10326650
10326668
10326781
10333800
10333819
10339358
10340956
10340980
10341013
10355442
10355477
10355531
10355574
10355582
10360589
10360643
10360651
10360791
10360805
10367757
10367900
10367935
10376992
10377009
10377025
10377033
10385281
10385311
10385346
10385354
10385435
10385460
10385486
10391402
10391470
10399503
10399791
10399821
10399864
10399910
10406643
10411127
10411151
10424046
10424062
10429116
10429159
10429205
10429221
10429230
10432820
10436636
10436644
10436717
10438866
10438947
10438955
10439020
10439055
10443641
10448959
10454101
10459192
10459222
10459265
10466874
10467063
10470263
10470344
10477881
10480461
10483905
10484030
10491240
10491274
10496425
10496441
10496476
10502926
10502934
10502969
10508007
10508040
10510821
10516018
10523899
10523910
10523961
10523988
10524100
10534642
10534650
10534685
10539151
10542416
10550052
10550079
10550095
10550125
10550141
10560056
10560129
10560226
10560234
10565444
