15834535
15834543
15834551
15834560
15834586
15834608
15834616
15838979
15838987
15839028
15839036
15839044
15839052
15839060
15839079
15839095
15842171
15842180
15842198
15844440
15844458
15844520
15844539
15844555
15844563
15846424
15848751
15848760
15848778
15848786
15848808
15848816
15852841
15852850
15852884
15852906
15852930
15852949
15852990
15853014
15853057
15853073
15853103
15853111
15853120
15853138
15854036
15855570
15855600
15855627
15855643
15860801
15862977
15862993
15863050
15863077
15863107
15866073
15866081
15866090
15866146
15866154
15866170
15869398
15869428
15869452
15869509
15873534
15873542
15873550
15873569
15873577
15873585
15873607
15873615
15873631
15873640
15881901
15881936
15881944
15881952
15881960
15881987
15882001
15882036
15882087
15882095
15882109
15882117
15882133
15882168
15882176
15885865
15885873
15891263
15891280
15891298
15891301
15891328
15896414
15899593
15899607
15899615
15899631
15899666
15899674
15899682
15899690
15899704
15899720
15899763
15899828
15899836
15899887
15899909
15899917
15899933
15899941
15899976
15899992
15900000
15900027
15900035
15900043
15900078
15909905
15909913
15909921
15909930
15909948
15909956
15909972
15909980
15917932
15917975
15917983
15918008
15918016
15918040
15918059
15921046
15921054
15921070
15921089
15921097
15921119
15921127
15921160
15921178
15921186
15921208
15921216
15921240
15921259
15921283
15921291
15921356
15921364
15921399
15921429
15924964
15924972
15924980
15924999
15925048
15926280
15928125
15931538
15931546
15931597
15936047
15941604
15941663
15941671
15941680
15941698
15941728
15941744
15941752
15941760
15941779
15941787
15941795
15941868
15941876
15941906
15941914
15941922
15941930
15941949
15945649
15945673
15945681
15945703
15945711
15945738
15945746
15945754
15946601
15950980
15951020
15951063
15951080
15951098
15951110
15951128
15951136
15954540
15954574
15954604
15954620
15954655
15959040
15959083
15959091
15959130
15959164
15959202
15959210
15959288
15959296
15964950
15965034
15965042
15965050
15965107
15965131
15965140
15965158
15969583
15969591
15969613
15969630
15969648
15969664
15972490
15972511
15972546
15974776
15976653
15976661
15976670
15976688
15976718
15976726
15976734
15976750
15978433
15982809
15982817
15982841
15982868
15982876
15982884
15982892
15982914
15982922
15982930
15982957
15982973
15982990
15988194
15988232
15988259
15988283
15988305
15988313
15988321
15988364
15988380
15988399
15988402
15988429
15988437
15988488
15993611
15993638
15993654
15993662
15993670
15993700
15993719
15993743
15993760
15997613
15997630
15997648
15997664
15997672
15997699
15997737
15997907
15997923
15997931
15997974
15997982
15998040
16013651
16013678
16013759
16013783
16013791
16013805
16013813
16013830
16013848
16013902
16013910
16013929
16013937
16019697
16029887
16029917
16031151
16031186
16031194
16031224
16031240
16031291
16031364
16031380
16031399
16031402
16031429
16031437
16031453
16031526
16035129
16036175
16040311
16040320
16040354
16040370
16040397
16040443
16040451
16040486
16040516
16040524
16040532
16040540
16040559
16040583
16040591
16040664
16040710
16040729
16040753
16040761
16048889
16048927
16048943
16048951
16049000
16049027
16049035
16049043
16049051
16049078
16049094
16049159
16049167
16049191
16049205
16049213
16049230
16049248
16049256
16049302
16049353
16049361
16049388
16049418
16049426
16049434
16049450
16049523
16049566
16049574
16049590
16049612
16049639
16049647
16049655
16049671
16049701
16050323
16055797
16055800
16055860
16055932
16055959
16055975
16056016
16056024
16058017
16058106
16058130
16058165
16058203
16059381
16064833
16064876
16064906
16064922
16064949
16064957
16064990
16065006
16068142
16068169
16068185
16075271
16075301
16075344
16075395
16075409
16075441
16075450
16082287
16082317
16082325
16082341
16082368
16082376
16082384
16082392
16082414
16085348
16085364
16085380
16085399
16085402
16085410
16085445
16085453
16085461
16092817
16092825
16092833
16092841
16092850
16092868
16092892
16092906
16092930
16092949
16093006
16093014
16093022
16093030
16101982
16103916
16103959
16103967
16104008
16104024
16104059
16104075
16104164
16104784
16106564
16106599
16106610
16106637
16106688
16106700
16106718
16106726
16106734
16106742
16106769
16106777
16106815
16106831
16106858
16108964
16108980
16111307
16111650
16111668
16113472
16113480
16113510
16113529
16113537
16113545
16113561
16113588
16113596
16113618
16113626
16113642
16113677
16113685
16113707
16118321
16118330
16118348
16120640
16120658
16120682
16120690
16120704
16120720
16120763
16125116
16125140
16125183
16125213
16125248
16129800
16129851
16129860
16129894
16129908
16129916
16131231
16133224
16133232
16135489
16135527
16135543
16135551
16135608
16135616
16135659
16135667
16135691
16135837
16141308
16141324
16141367
16141413
16141448
16141480
16141499
16142249
16142729
16144479
16144509
16144525
16144533
16144568
16144584
16147190
16147203
16151972
16151980
16151999
16152005
16152030
16152064
16152072
16152102
16152110
16152129
16152137
16152153
16152161
16152200
16152218
16152226
16152234
16152242
16152323
16152331
16152358
16154332
16154340
16156040
16160075
16164522
16164565
16164590
16164611
16164638
16164662
16164697
16164735
16164760
16164778
16164808
16166116
16170788
16172576
16176225
16176233
16176241
16176250
16176276
16176292
16176314
16176322
16176349
16176357
16176420
16176438
16176446
16176462
16176497
16176551
16176586
16176608
16176616
16176632
16176659
16176756
16180994
16189446
16189454
16189462
16189470
16189489
16189500
16189527
16189551
16189560
16189578
16189632
16189659
16189683
16189748
16189780
16189799
16189802
16189810
16189829
16189853
16189888
16189900
16189934
16189969
16192794
16196818
16196826
16196834
16196850
16196869
16196893
16196923
16196940
16196958
16196982
16196990
16200900
16203869
16203877
16210750
16210793
16210840
16210890
16210963
16210980
16210998
16211004
16211012
16211039
16211047
16211071
16211080
16211098
16211110
16211144
16211179
16211187
16211225
16211241
16211276
16211284
16211292
16211306
16211314
16211330
16211357
16216362
16218339
16218347
16218355
16218495
16218533
16218541
16218568
16222577
16223378
16223394
16223424
16223459
16223467
16223475
16223483
16223491
16223530
16223548
16223556
16223564
16223653
16223696
16224160
16227140
16227159
16227183
16227191
16227213
16227221
16227230
16233401
16233436
16238883
16238905
16238913
16238921
16238930
16238948
16238956
16238980
16239005
16239056
16239064
16239080
16239099
16239102
16239110
16239137
16239161
16242965
16244591
16244613
16244621
16244656
16244699
16244702
16244737
16247725
16251874
16251882
16252004
16252020
16252039
16252055
16252071
16252128
16252217
16252233
16252241
16254897
16258287
16258325
16258333
16258341
16258376
16258457
16258473
16258481
16258490
16258503
16258511
16258520
16258554
16258597
16260570
16265896
16265900
16265926
16265934
16265950
16265985
16266000
16266018
16266034
16266042
16266050
16266085
16266123
16266158
16267480
16269014
16269065
16269081
16269111
16269189
16269200
16273384
16285559
16285575
16285630
16285648
16285664
16285699
16285702
16285710
16285729
16285745
16285788
16285796
16285800
16285826
16285834
16285850
16285907
16285931
16285940
16285966
16285974
16285982
16286031
16286058
16286066
16286082
16286120
16286139
16286147
16286155
16286171
16286198
16286210
16286228
16286279
16286309
16286317
16286333
16286341
16286422
16286449
16286457
16286473
16286481
16286490
16286546
16286554
16286570
16286589
16293039
16293080
16293098
16293101
16293152
16293179
16294182
16298761
16298770
16298796
16298842
16298850
16298907
