33775232
33775240
33775259
33778999
33779005
33779013
33779021
33779030
33779064
33779072
33784133
33784532
33784540
33784583
33784591
33784605
33788933
33788941
33788950
33788968
33788976
33788984
33788992
33792519
33792543
33792551
33792969
33792985
33796103
33799096
33799118
33799126
33799134
33799207
33799215
33799231
33800450
33800468
33800476
33800492
33800506
33800530
33803715
33803723
33803740
33803774
33803782
33803812
33808054
33808062
33809203
33809211
33809220
33809610
33812543
33812551
33812578
33814099
33814161
33814196
33814218
33814242
33817346
33817354
33820015
33820023
33820031
33820252
33820260
33820279
33820287
33822687
33822695
33823070
33823119
33823127
33823631
33823640
33823658
33823674
33824785
33828345
33828353
33828418
33832656
33832664
33832702
33832710
33833589
33833597
33838683
33838691
33838705
33838713
33839522
33839549
33842501
33842510
33842587
33842609
33848334
33848350
33848377
33848431
33848458
33850989
33853918
33853934
33853942
33853950
33853977
33853985
33853993
33854000
33857901
33859066
33859074
33859082
33859090
33859104
33859120
33859147
33859171
33859180
33862126
33864658
33864666
33864682
33864690
33864712
33868633
33868641
33868650
33868676
33868684
33869450
33869469
33869477
33869540
33869558
33869604
33870463
33872022
33872030
33872057
33872758
33873605
33873621
33873630
33873664
33876121
33876571
33877194
33877216
33877240
33877267
33877275
33877291
33877305
33879322
33881772
33881802
33881837
33881888
33881896
33885669
33885693
33885715
33890320
33890339
33890479
33890495
33890517
33890525
33890568
33890584
33890649
33890657
33890673
33894187
33894969
33894977
33894993
33895018
33895026
33895034
33895042
33895450
33895476
33899400
33899435
33899451
33899460
33899478
33899494
33899524
33899532
33903480
33903510
33903528
33903536
33903544
33903552
33904418
33904426
33907651
33907660
33907694
33907708
33907783
33909067
33909091
33909105
33909113
33909121
33909130
33909148
33909482
33909512
33909962
33913378
33913386
33913394
33913408
33913424
33913432
33913440
33913815
33913823
33913831
33913840
33913920
33913939
33913955
33913963
33918723
33918774
33918782
33918804
33918812
33918820
33921842
33922368
33922376
33922406
33922430
33922449
33922457
33922465
33922473
33922481
33927136
33927250
33927276
33927284
33927292
33927306
33927322
33930689
33930700
33930727
33930743
33930751
33931048
33931056
33931064
33931072
33931293
33933987
33936932
33936975
33936991
33937008
33937210
33939718
33939726
33939734
33939742
33943328
33943336
33943344
33943352
33944366
33944374
33944382
33948023
33948031
33948279
33948287
33948295
33948317
33948325
33948333
33948864
33948899
33948902
33953712
33953720
33953739
33957340
33957366
33957927
33957935
33957943
33957978
33957986
33961405
33961413
33961430
33962907
33962915
33962923
33962931
33962958
33962966
33962974
33962990
33963007
33963015
33967769
33967777
33967793
33967815
33967823
33972668
33972676
33972684
33972706
33972714
33972730
33972757
33972773
33973248
33973256
33978920
33978938
33979003
33979020
33979038
33979046
33979062
33979089
33986183
33986213
33988800
33991724
33991767
33991791
33991813
33991821
33991848
33991856
33991864
33991872
33991880
33991899
33991902
33997050
33997069
33997077
33997085
33997107
33997123
33997140
33997158
34003117
34003125
34003192
34003206
34004511
34004520
34004635
34004805
34008327
34008335
34009861
34009888
34009896
34009918
34009942
34013790
34013803
34013838
34013854
34013862
34013870
34013889
34013897
34013900
34013919
34013927
34021997
34022011
34022020
34022038
34022046
34022054
34022062
34022089
34022097
34022100
34022119
34022135
34022143
34022151
34026226
34026234
34026250
34026269
34026277
34027566
34027574
34027582
34032805
34032821
34036084
34036130
34036157
34036203
34036238
34036262
34039374
34039382
34039390
34039404
34041110
34041129
34041137
34041145
34041153
34046673
34046703
34046720
34046738
34046754
34046762
34046770
34046789
34046800
34046819
34047954
34052624
34052632
34052640
34052659
34052667
34052675
34052705
34052713
34052730
34056464
34057257
34059355
34064165
34064173
34064190
34064211
34064220
34064238
34064246
34065055
34065063
34065080
34065098
34065101
34070876
34070884
34070906
34070914
34070922
34070930
34070973
34070990
34071049
34077190
34077211
34077238
34077246
34077262
34078675
34078683
34078691
34078721
34078756
34078772
34078799
34078802
34078810
34082870
34082897
34082900
34083035
34083736
34083744
34087819
34087835
34087843
34087851
34087886
34088466
34088474
34088482
34088490
34095544
34095552
34095560
34095587
34095609
34095617
34095625
34095641
34095650
34095668
34095676
34100926
34101000
34101891
34101956
34101964
34101972
34107568
34107584
34107614
34107630
34107649
34107657
34107665
34113020
34113039
34113047
34113055
34113063
34114816
34114859
34114883
34114905
34115021
34119899
34119910
34119937
34120354
34124496
34126250
34126284
34126306
34126330
34126403
34126438
34126446
34126870
34126888
34133109
34133125
34133133
34133141
34133168
34134155
34134210
34134228
34134260
34134325
34134341
34134368
34139683
34139705
34139713
34139721
34139730
34139748
34139772
34139802
34139810
34139829
34139837
34139845
34139853
34139870
34139888
34139900
34145618
34145626
34145634
34145650
34145669
34145685
34145693
34145707
34145715
34145723
34145731
34152070
34152097
34152127
34152135
34152143
34152216
34152232
34152267
34152283
34152356
34152844
34152852
34152879
34152895
34153190
34153203
34153220
34157841
34157850
34157868
34157884
34157906
34157930
34157949
34157957
34164008
34164016
34164024
34164032
34164040
34164059
34164067
34164075
34165836
34172108
34172159
34172167
34172191
34172213
34172221
34172248
34172256
34172280
34172299
34175414
34177288
34177296
34177300
34177318
34177326
34178291
34178305
34178313
34178330
34178348
34179319
34185078
34185086
34185116
34185140
34185191
34185205
34185230
34186200
34191770
34191800
34191819
34191835
34191843
34192202
34192741
34192750
34192768
34192776
34197439
34197447
34197463
34197471
34197498
34197510
34197544
34197552
34198205
34198213
34198230
34198256
34202187
34204188
34204226
34204234
34204277
34206090
34210759
34210767
34210775
34210783
34210791
34210805
34210813
34210821
34210856
34210864
34210880
34210902
34210929
34210937
34215969
34215993
34216034
34216859
34216905
34216913
34216921
34222362
34222370
34222389
34222397
34222400
34222435
34222451
34222460
34222478
34222486
34223643
34228098
34228101
34228110
34228136
34228144
34229603
34234383
34234391
34234430
34234472
34236775
34236791
34236821
34236830
34236856
34241429
34241445
34241518
34241526
34241534
34243217
34246582
34246612
34246620
34246639
34246680
34247430
34247448
34247456
34247464
34254992
34255025
34255033
34255041
34255068
34255076
34255084
34255106
34255114
34255610
34260340
34260943
34260951
34260986
34261000
34261027
34261035
34261043
34261078
34261930
34267348
34267356
34267364
34267372
34267380
34267399
34267402
34267429
34268971
34268980
34268998
34273854
34273862
34273889
34273897
34273927
34273935
34273943
34273951
34273978
34273986
34280240
34280282
34280304
34281091
34281105
34286544
34286552
34286560
34286579
34288138
34288154
34288162
34288170
34288189
34288197
34288219
34288227
34288235
34295496
34295500
34295518
34295550
34295577
34295585
34295593
34295607
34295615
34295631
34302607
34302615
34302631
34302640
34302682
34302690
34303220
34303238
34304578
34304594
34304608
34308685
34308693
34308707
34308715
34308723
34308731
34308740
34308758
34308766
34314369
34314377
34314385
34314393
34314423
34314431
34314440
34314458
34314466
34314474
34314482
34314490
