22520314
22520322
22520330
22520357
22520365
22520373
22520381
22520390
22520403
22520420
22520454
22528873
22528890
22528903
22528938
22528946
22528970
22528989
22529003
22529046
22529054
22529844
22532076
22537987
22538010
22538028
22538036
22538044
22538052
22538087
22538109
22538133
22538141
22538150
22546241
22546276
22546292
22546306
22546330
22546365
22546373
22546381
22546403
22546411
22555436
22562840
22562867
22562875
22562913
22562921
22565510
22565529
22565545
22565570
22565596
22565600
22570355
22570363
22570991
22577140
22577159
22577183
22577205
22577256
22577264
22577280
22577299
22577310
22577329
22577370
22577515
22577523
22577531
22581192
22581230
22581257
22581281
22581338
22581346
22581354
22581427
22588999
22589013
22589021
22589056
22589072
22589099
22589102
22589110
22589145
22589170
22589188
22589196
22589218
22589226
22593707
22593715
22593740
22593766
22593847
22593863
22593901
22596576
22596649
22604776
22606955
22606963
22606971
22606980
22606998
22607020
22607071
22607098
22607101
22613235
22613251
22613278
22613286
22613294
22613308
22613324
22613332
22619157
22619190
22619211
22619220
22619246
22619319
22619327
22619335
22619343
22631177
22631240
22631258
22631274
22631282
22631290
22631304
22631339
22631347
22637803
22638035
22642028
22642036
22642060
22642079
22642117
22642125
22642141
22642150
22642168
22642176
22642192
22642206
22642249
22642265
22644673
22644681
22644711
22644720
22644746
22644770
22644789
22644797
22644800
22644819
22644843
22644878
22644886
22644894
22644924
22644940
22644959
22644967
22647564
22649123
22649140
22649158
22649182
22651042
22651867
22651875
22651883
22651905
22651913
22651921
22651956
22651972
22661062
22661070
22661089
22661097
22661100
22661119
22661127
22661143
22661151
22661186
22661224
22661232
22666434
22666442
22666450
22666469
22666477
22666485
22666493
22677441
22677450
22677468
22677492
22677530
22677557
22677565
22677590
22677603
22677611
22677646
22677654
22682065
22684953
22684996
22685002
22685045
22685053
22685088
22689810
22689829
22689853
22689861
22689870
22689896
22689900
22689926
22689969
22689977
22690009
22690017
22690025
22690041
22690050
22690068
22698754
22698797
22698800
22698835
22698851
22698886
22698924
22698932
22705576
22705614
22705630
22705649
22705657
22705665
22705673
22705690
22705703
22709268
22710335
22710360
22710378
22710408
22710432
22710440
22710459
22710475
22710521
22710530
22719458
22719474
22719482
22719504
22719520
22719547
22719571
22719580
22736238
22736270
22736289
22736319
22736327
22742256
22742264
22742272
22742299
22742302
22742329
22742345
22742353
22749750
22749769
22749777
22749866
22749882
22749890
22749904
22749955
22750054
22750119
22760791
22760856
22760864
22760880
22760899
22760902
22760910
22760937
22768230
22768264
22768272
22768329
22768361
22768370
22776836
22776844
22776852
22776879
22776917
22776925
22776933
22776976
22776992
22777025
22783345
22783361
22783388
22783396
22783426
22783442
22783493
22783531
22783558
22783566
22783574
22783590
22783639
22783655
22783671
22783680
22783701
22783710
22783728
22783760
22789321
22789330
22791720
22791763
22791810
22791828
22791852
22791879
22791887
22791909
22791917
22791925
22791933
22791950
22791976
22791992
22792017
22792025
22792050
22792076
22792122
22792149
22792157
22802854
22803027
22803043
22803060
22803183
22804340
22804359
22804367
22804383
22804405
22805923
22808008
22814336
22816337
22816345
22816361
22816418
22816426
22816442
22816485
22816493
22816507
22818699
22818710
22818737
22818770
22825998
22826012
22826080
22826101
22826128
22826136
22826195
22826217
22826225
22833958
22833966
22833990
22834058
22834074
22844205
22844213
22844221
22844248
22844299
22844302
22844310
22844329
22844353
22844388
22844396
22844400
22844426
22844442
22844523
22844531
22844540
22851067
22851105
22851130
22863860
22863878
22863886
22863894
22863908
22863924
22863967
22863975
22864008
22864032
22864040
22864059
22864067
22864091
22864148
22864156
22864164
22864172
22864180
22869439
22872175
22876142
22876169
22876177
22876207
22876223
22876258
22876266
22876282
22876290
22881190
22881203
22881211
22881246
22881270
22881289
22893852
22894297
22894300
22894343
22894378
22894408
22894424
22894432
22894483
22894491
22894521
22894530
22894548
22894599
22894602
22896786
22897412
22897439
22897447
22905019
22905060
22905078
22905108
22905116
22905124
22905132
22905159
22905205
22905213
22905221
22905230
22905248
22905272
22905299
22913763
22913771
22913860
22913887
22913895
22913925
22913933
22913968
22922133
22927351
22927360
22927394
22927408
22927416
22927440
22927459
22927475
22927483
22927505
22937851
22943640
22943659
22943667
22943683
22943713
22943772
22943799
22943810
22943829
22943837
22943870
22943888
22943896
22943934
22943950
22943969
22943977
22943985
22943993
22944018
22944026
22944034
22944077
22944085
22944093
22944107
22945919
22946396
22951457
22951465
22951520
22951562
22951589
22951619
22951635
22951660
22960790
22960838
22960846
22960854
22960870
22960919
22960935
22960951
22960994
22961060
22961078
22971594
22971640
22971675
22971683
22971721
22971730
22971756
22971764
22971799
22971802
22971810
22979598
22979644
22979652
22979660
22979687
22979709
22979725
22979733
22979741
22979768
22979776
22979784
22979792
22979806
22987647
22987655
22987663
22987701
22987710
22987752
22987760
22987779
22987787
22987809
22987817
22993983
22993991
22994008
22994024
22994032
22994040
22995607
22995615
23002396
23002400
23002418
23002426
23002434
23002639
23011220
23011246
23021827
23021835
23021843
23021908
23023798
23023810
23023828
23023836
23023860
23023879
23023887
23023895
23023909
23023917
23028329
23028337
23028361
23028388
23028396
23028400
23041050
23041069
23041077
23041085
23041093
23041107
23041115
23041239
23041247
23041255
23041280
23041298
23041301
23041328
23041336
23041344
23053098
23053144
23053160
23053187
23053209
23053225
23053233
23053977
23053985
23053993
23054026
23054034
23054042
23054050
23054115
23054123
23054131
23054140
23054158
23054166
23054174
23054182
23063717
23063814
23063822
23063830
23063873
23063890
23063946
23063954
23063970
23063989
23064011
23074899
23074910
23074945
23074953
23074988
23075010
23075029
23075037
23075045
23075061
23077518
23077542
23077569
23077577
23077593
23077607
23080971
23091334
23091350
23091369
23091377
23091385
23091393
23091415
23091423
23091440
23091474
23091482
23091520
23097663
23097680
23097698
23097710
23097744
23097752
23097779
23097795
23097809
23108134
23108150
23108177
23108207
23108215
23108240
23108274
23116420
23116790
23118995
23119028
23119036
23119060
23119087
23119109
23119117
23119133
23119141
23119150
23119176
23119206
23119257
23119273
23119290
23119311
23119320
23119338
23119346
23119362
23120901
23132876
23132906
23132914
23132922
23132949
23132965
23132973
23133006
23133014
23133022
23133049
23133065
23133103
23133120
23133138
23133146
23133200
23133219
23136592
23136606
23136614
23136622
23136657
23136690
23136703
23136720
23136746
23148597
23148600
23148635
23148660
23148678
23153518
23153526
23160701
23160710
23160728
23160760
23160779
23160787
23162117
23162125
23162150
23162168
23162206
23162222
23178202
23178229
23178253
23178270
23178288
23178296
23178300
23178334
23178342
23178350
23178369
23178377
23178385
23181640
23181658
23181666
23181674
23181682
23181712
23181720
23181755
23181771
23185749
23185773
23185820
23185889
23185897
23185900
23185951
23185960
23185978
23193636
23200504
23200512
23200520
23200539
23200598
23200610
23200644
23200687
23225274
23225398
23225401
23225410
23225460
