37603671
37603680
37603728
37603736
37603744
37603752
37603760
37603787
37603817
37603825
37603868
37603884
37603906
37604847
37604855
37604863
37604871
37604880
37604898
37604901
37604910
37604928
37604944
37614778
37614786
37614794
37614808
37614816
37614824
37614832
37614859
37614867
37614875
37614913
37614930
37614980
37615005
37615021
37615048
37615056
37615080
37615099
37615102
37615110
37615129
37615137
37615145
37615153
37615161
37615196
37615200
37615218
37615226
37615242
37615250
37615277
37615285
37615293
37615307
37615463
37615471
37615498
37615501
37615510
37615528
37615536
37615544
37615552
37615560
37615579
37621686
37621694
37621708
37621716
37621724
37621740
37621759
37621775
37621783
37621805
37621813
37621848
37621864
37621872
37621899
37621910
37621929
37621961
37621970
37621996
37622037
37622045
37622061
37622100
37622134
37622169
37622177
37622185
37622215
37622223
37622231
37622274
37622282
37628773
37628781
37628803
37628820
37628838
37628854
37628889
37628900
37628919
37630196
37630200
37630218
37630234
37630250
37630269
37630978
37630986
37631000
37631019
37631035
37631043
37631051
37631060
37631094
37631108
37631116
37631540
37631558
37631566
37631582
37631612
37631620
37631655
37631868
37631884
37632278
37632316
37632766
37632774
37632790
37638629
37638637
37638653
37638661
37638670
37638688
37638700
37638750
37638769
37638777
37638785
37639411
37639420
37639438
37639446
37639454
37639462
37639470
37639489
37639500
37639535
37639543
37639551
37639560
37639578
37639608
37639616
37639624
37639640
37639659
37639683
37639691
37639705
37639713
37640041
37640050
37640068
37640076
37640084
37640106
37640122
37648320
37648339
37648347
37650312
37650339
37650347
37650363
37650371
37650380
37650410
37650428
37650436
37650444
37650452
37650460
37650487
37650495
37650509
37650517
37650525
37650541
37650550
37650568
37650576
37650584
37651008
37651016
37651032
37651040
37651059
37651261
37651741
37651768
37651784
37651792
37652194
37652216
37652224
37652232
37652240
37652313
37652372
37658723
37658731
37658758
37658782
37659362
37659370
37659397
37659400
37659419
37659427
37659443
37659451
37659460
37659478
37659508
37659516
37659524
37659532
37659540
37659559
37659583
37661060
37661095
37661117
37661141
37661150
37661168
37661176
37661184
37661222
37661257
37661265
37669587
37669625
37669641
37669650
37669684
37669714
37669722
37669749
37669757
37669781
37669811
37670220
37670255
37670263
37670271
37670280
37670301
37670310
37670336
37670344
37670352
37670360
37670379
37670409
37670417
37670875
37675910
37678399
37678402
37678429
37678437
37678445
37678461
37678488
37678496
37678500
37679211
37679238
37679246
37679254
37679270
37679289
37679297
37679300
37679319
37679335
37679343
37679351
37679360
37679378
37679408
37679416
37679432
37679459
37679467
37679483
37679491
37679505
37679513
37679521
37679530
37679548
37679564
37679718
37679726
37679734
37679742
37679777
37679785
37681815
37681831
37681840
37681874
37681890
37681904
37681912
37681939
37681963
37681980
37682004
37682039
37687958
37687990
37688015
37688023
37688031
37688066
37688090
37688104
37689070
37689100
37689142
37689169
37689967
37689975
37689991
37690015
37690023
37690058
37690090
37690112
37690503
37690520
37690546
37690562
37690570
37691878
37691894
37691908
37691916
37691924
37691932
37691940
37691967
37691983
37691991
37696654
37696662
37696700
37696719
37696735
37696751
37696778
37696794
37696824
37696832
37696859
37697374
37697382
37697390
37697404
37697420
37697439
37697447
37697471
37697480
37697498
37697510
37697528
37697536
37697552
37699197
37699219
37699227
37699235
37699243
37699278
37699286
37699308
37699316
37699324
37699340
37699359
37699367
37699383
37699391
37699405
37699421
37699430
37699456
37701343
37701360
37701378
37701386
37701394
37701416
37707818
37707842
37707850
37707869
37707877
37707931
37707940
37707966
37707974
37707982
37707990
37708007
37709363
37709436
37709452
37709509
37709525
37709541
37709770
37709800
37709819
37709827
37709835
37709878
37709908
37709916
37709940
37710015
37710031
37710040
37717536
37717544
37717587
37717617
37717633
37717722
37717749
37717900
37717927
37717935
37717943
37717951
37717960
37717978
37717986
37717994
37718000
37718019
37718035
37718043
37718078
37718086
37718108
37718116
37718124
37718159
37718175
37720434
37722621
37722656
37722664
37722672
37726585
37726593
37726607
37726615
37726623
37726640
37726720
37726739
37726747
37726755
37726763
37730128
37730144
37730152
37730179
37730187
37730195
37730209
37730217
37730225
37730233
37730241
37730250
37730268
37730276
37730292
37730314
37730322
37730330
37730349
37730365
37730373
37730381
37730403
37730411
37730420
37730446
37730454
37730462
37730470
37730489
37730497
37730500
37730519
37730527
37730543
37730560
37730586
37730608
37730624
37730632
37730640
37731875
37737150
37737169
37737185
37737193
37737207
37737223
37737231
37737266
37737290
37737304
37737312
37737835
37737843
37737851
37737860
37737916
37737924
37737959
37737967
37738008
37738024
37738032
37739216
37739232
37739240
37739259
37739267
37739275
37739283
37739291
37739313
37739321
37739330
37744735
37744743
37744751
37744786
37744794
37744808
37744840
37744867
37744875
37744891
37745323
37745340
37745358
37745390
37746183
37746205
37746221
37746230
37746248
37746264
37746272
37746280
37746302
37746310
37747901
37747910
37747928
37747952
37747987
37747995
37748010
37748869
37748877
37748885
37748893
37748915
37748931
37748966
37748974
37748982
37749023
37755319
37755327
37755335
37755378
37756748
37756756
37756772
37756810
37756829
37756837
37756853
37756870
37757379
37757395
37757409
37757417
37757425
37757433
37757441
37757450
37759000
37759019
37759035
37759043
37759051
37759078
37759086
37759094
37759108
37759116
37759124
37759132
37759140
37759159
37760307
37760323
37760331
37760366
37760374
37760382
37760390
37760404
37760412
37760439
37765908
37765924
37765940
37765959
37765967
37765991
37766016
37766059
37766083
37769250
37769268
37769276
37769292
37769306
37769314
37769330
37769365
37769373
37769390
37769411
37769420
37769993
37770009
37770017
37770025
37770041
37770068
37770076
37770084
37770092
37770106
37770114
37770122
37770157
37770165
37770181
37770904
37770920
37770939
37770947
37770955
37770963
37770971
37770980
37770998
37771004
37771012
37771187
37771195
37771217
37771225
37771233
37771241
37772239
37772255
37777953
37778924
37778932
37778940
37779008
37779016
37779024
37779032
37779067
37779083
37779091
37779105
37779113
37779121
37779130
37779148
37779156
37780924
37780932
37780940
37780959
37781555
37781571
37781580
37781598
37781601
37781644
37781652
37781660
37781687
37781695
37781709
37781989
37781997
37782003
37782011
37782020
37782038
37782046
37782054
37782062
37782070
37782097
37782100
37782119
37782143
37782151
37788634
37788693
37788707
37788715
37788731
37788740
37788758
37788774
37788790
37788804
37788812
37788820
37789338
37789346
37789362
37789370
37789400
37789419
37789443
37789451
37789460
37789478
37789486
37789494
37789508
37789524
37789788
37796629
37796637
37796645
37796653
37796661
37796688
37796696
37796718
37796726
37798255
37798263
37798271
37798280
37798298
37798301
37798310
37798328
37798344
37798352
37798360
37798379
37798387
37798476
37798484
37798506
37798514
37798522
37798530
37798557
37806528
37806536
37806552
37806560
37806587
37806617
37806633
37806641
37806684
37806692
37806706
37806730
37806749
37806757
37806765
37806773
37806811
37806838
37806862
37806870
37806900
37806919
37806927
37807000
37809486
37816173
37816203
37816211
37816238
37816246
