26073693
26074524
26074532
26074559
26074567
26074583
26074591
26074982
26074990
26075007
26075015
26075031
26075058
26080330
26080356
26080364
26080372
26080380
26080399
26080410
26080437
26081378
26081408
26081416
26081424
26085825
26085833
26085850
26085876
26085884
26085892
26085914
26085930
26085949
26085957
26085965
26085973
26085981
26085990
26091460
26091690
26091711
26091720
26091738
26091746
26091800
26091819
26091827
26091835
26091851
26091878
26091924
26091932
26092628
26097307
26097315
26097358
26097366
26097374
26097404
26101785
26101793
26101807
26101823
26101840
26101866
26101874
26101882
26104706
26106855
26106898
26106901
26106910
26106928
26106936
26106944
26106952
26106979
26106987
26106995
26107028
26107486
26107494
26107613
26110724
26110740
26110775
26110783
26114700
26118400
26118418
26118434
26118450
26118477
26118485
26118990
26120930
26120949
26120957
26120965
26120973
26120981
26121022
26121049
26123384
26123392
26123406
26123422
26127335
26127351
26127386
26127424
26134294
26134308
26134324
26141690
26141704
26141720
26141739
26141801
26141844
26141852
26144603
26144611
26144638
26144646
26144662
26144689
26144697
26144719
26144727
26144760
26145382
26149554
26149562
26149600
26149627
26149643
26149686
26149864
26153962
26153970
26160641
26160668
26160676
26160765
26167380
26167399
26167402
26167410
26167909
26167917
26168017
26172735
26173293
26173307
26173323
26173331
26173374
26173382
26173412
26173420
26173439
26177686
26177716
26177732
26177775
26178142
26178150
26189079
26189087
26189095
26189109
26189117
26189133
26189141
26189150
26189168
26193363
26193428
26195089
26195097
26195100
26195160
26195178
26198239
26198450
26198468
26198476
26203734
26203742
26203750
26203769
26203777
26203807
26210553
26210570
26212589
26213169
26213185
26213207
26219196
26219218
26220239
26220247
26223197
26223200
26223499
26223502
26223529
26228038
26228089
26232799
26233018
26233034
26233042
26233050
26240775
26243526
26243534
26243542
26243550
26243674
26249065
26249081
26249103
26249146
26249154
26249189
26249197
26249200
26249219
26254975
26254983
26254991
26255008
26255016
26255040
26255059
26255075
26255091
26255105
26255113
26255130
26255156
26259603
26264871
26264880
26267584
26267592
26273640
26273659
26273667
26273675
26273683
26276060
26276094
26276116
26279180
26279210
26279228
26279236
26279244
26280834
26281317
26281325
26281350
26281368
26281376
26286381
26287980
26292529
26292537
26292570
26292626
26292642
26296199
26298750
26298769
26298807
26298831
26298840
26298874
26304313
26304356
26304364
26304372
26304380
26304410
26304445
26304453
26309833
26309850
26310307
26314368
26314406
26314414
26314422
26320394
26320408
26320564
26320599
26320602
26320629
26324744
26324760
26324779
26325472
26325480
26326290
26326303
26326311
26326338
26329687
26329695
26329709
26329733
26329741
26335891
26335921
26335930
26338677
26338707
26339737
26339745
26339753
26346181
26346203
26346254
26346530
26350271
26350280
26350328
26352795
26355970
26355988
26356010
26356029
26356665
26357717
26359327
26359378
26360232
26360577
26366839
26366847
26370120
26370139
26370147
26370155
26374521
26379430
26379448
26379502
26379510
26384118
26384126
26384134
26388322
26388349
26388390
26394391
26394405
26394413
26398512
26398580
26398598
26403570
26408187
26408195
26408217
26408225
26408268
26412331
26412358
26412366
26412390
26414170
26414197
26423683
26423691
26423713
26423721
26423730
26423756
26427782
26427804
26427812
26433539
26433563
26433571
26433580
26433628
26437670
26438781
26438803
26438811
26438820
26438838
26438854
26438862
26438870
26442448
26442502
26442529
26442537
26442545
26446032
26446040
26446059
26446067
26451470
26451489
26451497
26454540
26454566
26454647
26461660
26461679
26461687
26461830
26464284
26467248
26467264
26467299
26467337
26467400
26467418
26473363
26473371
26473398
26473401
26473410
26473436
26474172
26478590
26478603
26478611
26478638
26478646
26478654
26478662
26484788
26484800
26484818
26484834
26491912
26491920
26491947
26491971
26491980
26492004
26492012
26492020
26497664
26497699
26497702
26497710
26497990
26500069
26502523
26502531
26502540
26502558
26502566
26506002
26506037
26509033
26509041
26509084
26514129
26514145
26514161
26514200
26514218
26514234
26518333
26518350
26518368
26518376
26518384
26525047
26525055
26525063
26525071
26525080
26525098
26525110
26525128
26525144
26525152
26526964
26529820
26529847
26529855
26529863
26529880
26532001
26538322
26538365
26538381
26539530
26539549
26539557
26544618
26544626
26544677
26544693
26548709
26548717
26548741
26548750
26552343
26555811
26555838
26555846
26555870
26555889
26555897
26555927
26558206
26561708
26565289
26569426
26569434
26569442
26573770
26573796
26573818
26573826
26573842
26573907
26577984
26591300
26591318
26591334
26591407
26591415
26591466
26591520
26594977
26599575
26599591
26599605
26599613
26599621
26599630
26606060
26607724
26607732
26607759
26610886
26611652
26611660
26611687
26611695
26611709
26611717
26611733
26618421
26621320
26621338
26630174
26630204
26630247
26630255
26630271
26630492
26636568
26636576
26636584
26636606
26636614
26636622
26638399
26638410
26645582
26645590
26645604
26645612
26645639
26645647
26645663
26652636
26652660
26652709
26654866
26654874
26662303
26662311
26662354
26662389
26662419
26665490
26668128
26668160
26668306
26669905
26669948
26669980
26676040
26676058
26676082
26685005
26685110
26685153
26685226
26685269
26685277
26687260
26687286
26687294
26687316
26689295
26689317
26689350
26689376
26694631
26696055
26697336
26697573
26697581
26706191
26706230
26706248
26706264
26706345
26706361
26715653
26715688
26715700
26715726
26715785
26715831
26716411
26716420
26716438
26716446
26723648
26723702
26723729
26723745
26724198
26724201
26731233
26731284
26731292
26731306
26735634
26735774
26738843
26738851
26741636
26742992
26743009
26743025
26743033
26743068
26746323
26746331
26746366
26749834
26749850
26749869
26749877
26754768
26755607
26758824
26758883
26758921
26758948
26758964
26758980
26765171
26765198
26765210
26765279
26765295
26769556
26769564
26769572
26769580
26769599
26769602
26769610
26769629
26773085
26773093
26773107
26779762
26779991
26780007
26780040
26791472
26791499
26791502
26791510
26791529
26791596
26793457
26793465
26796445
26798845
26798888
26798896
26798900
26798918
26805829
26805837
26805900
26805918
26805926
26805934
26805942
26811340
26812842
26812850
26812869
26812877
26812893
26820039
26820047
26820071
26820080
26828652
26828660
26828679
26828695
26828709
26828717
26828733
26832904
26834751
26834760
26834778
26834786
26834794
26837090
26842754
26842762
26842770
26846373
26846730
26846748
26847646
26847662
26847689
26847697
26847700
26847719
26847727
26847735
26857283
26858777
26858793
26858807
26864230
26865936
26865944
26865960
26865979
26866001
26872240
26872259
26877485
26877493
26877507
26877523
26894079
26894087
26894095
26898402
26898410
26898429
26898437
26898445
26898453
26902937
26902953
26902996
26903002
26903398
26903401
26907969
26907977
26907985
26907993
26913626
26913634
26913642
26921068
26921076
26926561
26926588
26928040
26930686
26933577
26933585
26935411
26935420
26942443
26942575
26942583
26942591
26942605
26942613
26943554
26943562
26944428
26944436
26944444
26956635
26956660
26957410
26962483
26962491
26962505
26962513
26962521
26962530
26962548
26963306
26963322
26970559
26970575
26970613
26970672
26970680
26970699
26970710
26970737
26976918
26977727
26977735
26977751
26977778
26977786
26977794
26977808
26977824
26977832
26977840
26978692
26978862
26978870
