26978897
26978900
26982820
26982839
26987038
26987046
26987054
26987062
26987070
26990262
27002348
27002356
27002364
27002372
27002380
27002399
27002410
27002429
27002437
27005867
27005875
27005891
27008111
27008120
27010901
27010910
27010928
27013827
27017837
27017934
27017950
27017969
27017977
27018000
27018026
27023600
27024877
27024907
27024915
27024923
27024931
27024940
27024966
27024974
27028615
27028631
27028640
27032047
27035000
27038929
27038945
27041380
27045519
27045527
27045535
27045543
27045551
27045560
27048892
27048949
27048965
27055601
27055610
27055628
27055636
27055644
27055652
27055660
27055679
27056909
27058322
27059379
27059417
27061913
27064359
27064367
27064383
27067037
27067045
27070377
27070393
27071801
27074263
27074271
27074298
27074301
27074310
27080168
27080176
27080184
27080192
27080214
27080222
27080230
27080249
27080273
27083881
27083890
27083903
27083911
27083938
27083946
27088447
27088455
27088463
27088480
27092600
27092618
27092626
27099535
27100460
27100486
27100494
27107808
27107816
27117038
27125561
27125570
27139567
27141931
27147756
27147764
27147780
27147799
27147802
27152728
27152736
27152787
27152795
27152825
27156835
27156843
27159190
27159203
27159211
27167532
27167540
27167559
27167567
27167575
27167583
27167591
27167605
27167621
27167648
27167656
27167664
27167672
27168864
27168872
27170058
27175179
27175187
27175195
27175209
27176697
27176700
27178558
27180892
27180906
27186291
27187734
27187750
27187777
27188977
27188985
27193728
27193744
27193752
27193760
27193779
27193787
27193795
27193809
27193817
27202940
27203660
27203678
27203694
27203724
27203732
27205504
27206313
27211530
27211549
27211557
27211565
27211573
27211590
27211603
27211611
27211620
27211654
27214014
27214022
27216309
27216317
27216368
27216376
27216406
27216414
27216449
27218601
27221810
27223896
27223918
27223926
27223934
27223942
27223950
27223977
27223993
27224000
27227014
27228400
27228427
27228435
27234534
27234542
27234550
27234577
27234593
27234623
27234631
27235327
27237727
27237735
27242693
27242707
27242715
27242731
27242740
27242758
27247461
27247470
27247488
27247496
27247518
27247526
27247534
27252328
27252336
27252344
27252352
27254922
27254930
27254957
27254973
27254981
27260452
27260460
27260495
27260509
27266153
27266161
27266170
27266188
27266200
27271362
27271370
27271389
27271397
27271400
27271435
27271451
27271460
27276157
27276165
27276173
27276181
27276203
27280778
27280832
27280840
27280875
27280883
27280891
27280905
27285805
27285813
27285830
27285848
27285864
27285880
27288631
27288640
27288658
27288666
27291521
27296146
27296189
27297885
27298996
27302744
27302752
27302760
27302795
27302817
27302825
27302833
27304389
27307733
27307741
27307750
27307776
27312802
27312810
27317508
27317524
27317532
27317540
27322105
27322113
27322121
27327455
27327480
27327498
27327501
27327510
27327528
27333007
27333015
27334622
27334630
27334649
27340861
27340896
27340942
27347355
27347371
27347380
27349976
27352637
27352653
27352688
27352696
27354883
27354905
27354913
27359830
27359848
27359864
27365122
27369345
27369353
27369388
27369400
27369418
27374902
27374929
27374945
27374970
27374988
27374996
27379985
27379993
27380009
27380025
27383676
27383684
27383692
27384159
27390657
27390673
27390690
27390703
27390711
27390720
27390746
27395891
27395921
27395930
27395956
27399800
27400912
27400955
27400971
27400998
27401055
27401063
27402549
27404256
27406613
27406621
27406630
27406648
27409792
27409806
27409814
27415964
27415980
27415999
27416005
27416013
27416021
27420570
27420588
27420618
27420626
27424148
27424156
27424180
27424199
27424229
27426866
27431765
27431773
27431790
27431820
27431838
27433294
27440720
27443395
27443409
27443417
27443425
27443433
27443441
27443468
27443484
27443506
27443522
27443530
27444480
27444501
27454394
27454408
27454416
27454432
27454440
27454467
27454475
27454483
27459391
27462796
27462818
27462826
27462842
27462869
27462893
27463228
27469824
27470489
27470497
27470527
27470551
27470560
27484328
27484344
27484352
27484360
27484409
27492312
27492320
27492339
27492347
27492355
27492371
27502165
27502190
27502211
27502238
27505463
27505471
27505498
27526806
27526814
27526822
27536230
27536249
27536257
27549346
27549354
27549362
27549370
27549389
27560786
27560816
27560840
27564524
27572330
27572349
27572373
27572390
27572403
27572420
27572438
27590426
27590434
27590469
27590523
27592710
27592737
27592761
27592770
27592788
27592796
27592800
27608345
27608353
27608361
27608388
27608418
27608426
27619077
27619085
27619093
27619115
27619123
27619158
27619166
27619174
27621794
27621816
27621824
27621832
27626007
27636671
27636698
27636701
27636710
27636744
27643342
27643350
27643415
27646110
27647565
27647573
27647581
27647590
27647611
27647620
27647638
27647646
27653680
27653699
27653710
27653737
27659314
27659322
27659330
27659365
27659373
27659420
27667376
27667384
27667392
27667422
27667457
27667465
27667473
27671695
27671717
27671725
27671733
27671741
27671750
27679125
27679133
27679141
27679150
27679176
27679184
27679192
27679206
27679214
27679230
27679257
27679265
27679273
27679281
27681974
27681990
27682023
27685860
27685879
27685887
27685909
27696002
27696010
27696037
27696070
27696096
27696100
27700138
27700154
27700170
27701354
27701362
27703894
27703908
27703916
27703932
27703940
27711820
27712710
27712736
27712744
27712752
27721025
27721033
27721041
27721050
27721068
27721084
27721130
27721157
27721165
27721173
27721181
27721190
27721211
27722926
27725647
27725655
27725663
27725680
27725698
27725701
27725728
27725736
27725744
27725752
27725760
27725779
27730210
27730228
27730236
27730260
27730279
27730287
27730309
27730317
27730333
27730341
27735756
27735764
27735772
27735799
27735810
27735837
27735845
27736603
27738876
27738884
27738906
27743333
27743368
27743376
27743384
27743392
27743414
27743422
27748764
27748772
27751743
27751751
27751778
27751786
27753728
27754197
27754200
27754219
27754235
27760385
27760393
27760415
27760423
27760440
27760458
27764174
27766132
27766140
27766183
27766191
27766213
27766256
27771600
27771627
27771635
27771643
27771651
27771660
27771686
27771724
27771732
27771740
27771759
27773733
27776462
27776497
27776527
27776535
27776543
27776578
27779353
27779388
27784406
27784414
27784449
27784457
27788050
27788076
27788084
27788092
27788106
27788114
27795812
27795820
27795839
27795855
27799512
27807275
27807283
27807291
27807313
27809349
27810734
27810742
27810769
27810777
27810785
27817384
27817392
27817406
27817422
27817457
27817465
27817473
27817481
27817490
27820371
27820746
27821113
27821121
27821130
27821156
27829125
27829133
27829141
27829150
27829184
27829192
27830464
27834539
27834547
27834563
27834571
27834580
27834601
27834610
27834636
27834687
27839862
27839870
27839927
27845392
27845406
27845422
27845430
27845457
27845481
27847393
27848585
27848607
27848615
27848640
27848658
27851874
27851882
27851890
27851904
27851920
27855485
27855493
27857230
27857257
27862199
27862962
27866131
27866204
27866212
27866247
27867137
27867439
27867447
27867455
27869855
27869863
27871359
27871367
27874746
27876267
27876283
27879956
27879980
27884596
27884618
27884626
27887495
27887509
27890725
27891879
27893039
27893047
27893055
27893063
27893098
27899139
27901018
27904677
27906260
27914131
27914158
27914166
27914174
27916990
27920427
27920435
27920443
27920460
27920478
27920494
27920508
27921775
27923865
27923873
27923881
27923911
27923920
27930374
27930382
27930404
27936563
27936571
27936598
27936628
27942042
27942050
27942069
27942085
27942093
27942107
27949911
27949920
